0.8574
0.8394
0.1526
0.0626
0.0706
0.1269
0.1320
0.1732
0.1111
0.0681
0.0499
0.0603
0.1219
0.1041
0.0373
0.0257
0.0301
0.0569
0.1404
0.8786
0.8985
0.9225
0.9110
0.1759
0.1122
0.0419
0.0310
0.0316
0.0430
0.0669
0.1214
0.8912
0.8941
0.1537
0.1004
0.0480
0.0466
0.0787
0.2063
0.9300
0.9363
0.9386
0.3265
0.1577
0.0546
0.0452
0.0591
0.0858
0.6330
0.6845
0.7309
0.7650
0.8532
0.8635
0.8262
0.8643
0.8571
0.7780
0.0962
0.0846
0.1399
0.1225
0.0532
0.0456
0.0706
0.1422
0.8529
0.8863
0.9262
0.9326
0.1827
0.0975
0.0369
0.0313
0.0401
0.0521
0.0635
0.0834
0.7011
0.7891
0.8547
0.8062
0.7305
0.6667
0.6785
0.7501
0.8137
0.8565
0.8142
0.8491
0.7743
0.0969
0.0853
0.1241
0.1145
0.1013
0.0890
0.0841
0.1099
0.1527
0.6252
0.6362
0.6551
0.2952
0.3345
0.2827
0.3928
0.4306
0.8181
0.7582
0.6975
0.0967
0.0716
0.0766
0.1252
0.2066
0.1487
0.7086
0.1078
0.1661
0.8785
0.8812
0.8160
0.8282
0.1233
0.1433
0.8954
0.2372
0.1558
0.1055
0.0555
0.0606
0.1028
0.7256
0.7470
0.1781
0.1415
0.1363
0.2172
0.3924
0.7738
0.8029
0.7983
0.8108
0.7960
0.7566
0.4252
0.4298
0.3729
0.2553
0.2665
0.3303
0.4318
0.4435
0.7440
0.7009
0.6592
0.6134
0.5650
0.5646
0.6051
0.1745
0.1320
0.0930
0.0798
0.0856
0.1219
0.7013
0.7968
0.8567
0.8913
0.8175
0.0801
0.0449
0.0394
0.0504
0.0943
0.1415
0.8170
0.8734
0.8574
0.7559
0.7537
0.1888
0.1829
0.1713
0.1056
0.1069
0.1414
0.1874
0.2434
0.5682
0.5863
0.3538
0.3049
0.2493
0.2457
0.2413
0.2773
0.5409
0.5526
0.3199
0.3001
0.5107
0.2958
0.2938
0.5177
0.3158
0.3316
0.3642
0.4078
0.6707
0.3950
0.3909
0.3596
0.4144
0.4328
0.4302
0.4641
0.7741
0.4379
0.2794
0.1772
0.1350
0.1483
0.2293
0.2420
0.7482
0.2730
0.1409
0.1154
0.6109
0.0967
0.0759
0.0702
0.0936
0.1915
0.2696
0.8666
0.0953
0.0480
0.0451
0.0658
0.0923
0.0534
0.0330
0.0333
0.0545
0.1513
0.2601
0.8563
0.7295
0.1063
0.1167
0.7795
0.7846
0.1098
0.0817
0.0763
0.1192
0.8268
0.8223
0.8800
0.1781
0.0548
0.0375
0.0481
0.8389
0.0753
0.0732
0.1461
0.9255
0.0430
0.0262
0.0186
0.0219
0.0511
0.9279
0.9520
0.9542
0.0577
0.0331
0.0400
0.0627
0.0584
0.9049
0.0667
0.0694
0.1554
0.9185
0.8624
0.0516
0.0413
0.0549
0.0925
0.8066
0.8324
0.8467
0.8445
0.8311
0.1673
0.0990
0.1140
0.0878
0.8214
0.0649
0.0604
0.0565
0.0441
0.0316
0.0327
0.0446
0.7508
0.0819
0.1352
0.2120
0.8715
0.0546
0.0362
0.0324
0.0390
0.0424
0.0416
0.0557
0.1206
0.1260
0.7989
0.7653
0.0815
0.0688
0.0879
0.8129
0.1604
0.1183
0.0897
0.0920
0.1697
0.2152
0.1735
0.7053
0.7052
0.2351
0.2057
0.3190
0.4037
0.8821
0.8261
0.8547
0.8872
0.8816
0.8322
0.8520
0.2119
0.1505
0.1298
0.1804
0.6842
0.6468
0.7011
0.7485
0.8420
0.8354
0.7192
0.1127
0.0780
0.0580
0.0589
0.0837
0.1877
0.8338
0.8250
0.8200
0.8503
0.9064
0.1249
0.0505
0.0369
0.0435
0.0757
0.0793
0.1207
0.1853
0.1526
0.1217
0.1048
0.1300
0.1697
0.6809
0.5956
0.6135
0.3340
0.2754
0.3003
0.1987
0.4981
0.1703
0.1923
0.5384
0.5666
0.2210
0.2341
0.2911
0.2840
0.4212
0.8683
0.8313
0.1758
0.1495
0.1906
0.8523
0.8517
0.1954
0.7086
0.6671
0.0873
0.1157
0.1871
0.1615
0.0653
0.0324
0.0290
0.0388
0.0758
0.0809
0.8053
0.8164
0.0912
0.0898
0.1228
0.9296
0.1236
0.0681
0.0972
0.9016
0.9111
0.9014
0.8977
0.8851
0.0577
0.0417
0.0526
0.0395
0.0492
0.0291
0.0204
0.0230
0.0260
0.0310
0.0513
0.8847
0.1795
0.1195
0.0693
0.0540
0.0666
0.6717
0.1374
0.7160
0.8069
0.2027
0.2181
0.1603
0.6918
0.7870
0.1992
0.1519
0.1843
0.2440
0.1980
0.2250
0.2859
0.2211
0.5426
0.5494
0.1946
0.1642
0.1743
0.2026
0.7634
0.2903
0.3221
0.7629
0.2424
0.3162
0.2881
0.7360
0.1286
0.1355
0.0756
0.0633
0.0713
0.0902
0.7052
0.7535
0.8331
0.8819
0.8860
0.3492
0.2804
0.8937
0.8943
0.8889
0.1450
0.0822
0.0963
0.0717
0.0947
0.7965
0.8222
0.0775
0.0426
0.0378
0.0524
0.0790
0.0651
0.0968
0.1043
0.8618
0.8931
0.0840
0.0753
0.1488
0.1610
0.8548
0.0353
0.0256
0.0276
0.0318
0.0382
0.0704
0.9236
0.9460
0.9498
0.9323
0.9229
0.9269
0.9173
0.9417
0.9517
0.9537
0.9389
0.8770
0.0401
0.0242
0.0223
0.0282
0.0180
0.0166
0.0212
0.0255
0.0306
0.0574
0.8894
0.9326
0.8889
0.8230
0.0536
0.0411
0.0373
0.0513
0.0652
0.0332
0.0294
0.0369
0.0235
0.0210
0.0247
0.0288
0.0444
0.0307
0.0301
0.0295
0.0389
0.0254
0.0249
0.0344
0.0484
0.0580
0.0582
0.0557
0.7362
0.0656
0.0571
0.0710
0.1480
0.2164
0.3044
0.7838
0.7845
0.1711
0.1324
0.1034
0.0872
0.0853
0.1199
0.1910
0.1520
0.8286
0.1169
0.1120
0.1947
0.8482
0.1026
0.0585
0.0601
0.1161
0.8833
0.8904
0.8475
0.8655
0.8970
0.9022
0.9186
0.9221
0.9179
0.9047
0.9074
0.9216
0.9214
0.9072
0.8644
0.8686
0.8232
0.8463
0.2875
0.8155
0.1621
0.1685
0.2695
0.7470
0.1991
0.1564
0.1778
0.6968
0.2297
0.2557
0.2816
0.1887
0.1834
0.2036
0.1296
0.1137
0.1126
0.1974
0.7793
0.8505
0.8590
0.8293
0.8107
0.2518
0.1632
0.1245
0.1479
0.2298
0.6350
0.5897
0.2578
0.2558
0.5812
0.5758
0.2672
0.2963
0.3433
0.2807
0.2991
0.3427
0.7943
0.8837
0.8624
