0.8089
0.7794
0.3194
0.2193
0.2935
0.3013
0.2790
0.2743
0.5988
0.6341
0.6728
0.7131
0.7535
0.7013
0.6777
0.7410
0.2722
0.3243
0.2930
0.2184
0.2021
0.2754
0.5785
0.5941
0.4250
0.4131
0.4459
0.4408
0.3864
0.3196
0.2898
0.3336
0.4191
0.4249
0.3761
0.5621
0.3707
0.4064
0.4584
0.6632
0.5876
0.3730
0.3579
0.3724
0.5917
0.6603
0.4326
0.3500
0.3452
0.4073
0.3902
0.2800
0.2574
0.3165
0.6005
0.4597
0.4722
0.4619
0.6515
0.6310
0.4243
0.3775
0.2457
0.2329
0.3151
0.6103
0.5845
0.6147
0.7003
0.7697
0.6686
0.1968
0.1377
0.1366
0.1787
0.2372
0.5910
0.6754
0.3397
0.3424
0.2751
0.2317
0.2039
0.1863
0.1886
0.6769
0.6944
0.6489
0.1179
0.0798
0.0735
0.0926
0.1775
0.8717
0.8089
0.1069
0.0615
0.0656
0.1152
0.1172
0.0748
0.1119
0.8929
0.8991
0.8921
0.0770
0.0397
0.0404
0.0737
0.0959
0.1524
0.9074
0.1771
0.1014
0.0351
0.0314
0.0591
0.8824
0.9057
0.9326
0.8892
0.1199
0.0659
0.0879
0.8718
0.9118
0.9232
0.9111
0.8646
0.0760
0.0754
0.1493
0.9095
0.0349
0.0205
0.0200
0.0367
0.1063
0.9568
0.9346
0.0651
0.0341
0.0322
0.0292
0.0229
0.0214
0.0229
0.0271
0.0365
0.0429
0.0448
0.0647
0.1355
0.7640
0.7467
0.7355
0.6977
0.7157
0.6966
0.6550
0.1161
0.1044
0.1201
0.7789
0.8133
0.8424
0.8497
0.8463
0.1114
0.1250
0.0722
0.0765
0.0377
0.0330
0.0394
0.0664
0.7655
0.7762
0.7768
0.1661
0.2502
0.2784
0.2742
0.2410
0.1998
0.2580
0.8433
0.8611
0.8801
0.8479
0.7033
0.6311
0.1738
0.1890
0.2786
0.8827
0.9110
0.9117
0.8972
0.8630
0.2145
0.2396
0.2245
0.7926
0.6874
0.1328
0.1046
0.1238
0.2301
0.2771
0.1977
0.8073
0.2207
0.1146
0.1186
0.2110
0.7222
0.7003
0.6700
0.6848
0.6846
0.7687
0.2717
0.1755
0.0523
0.0333
0.0324
0.0414
0.0553
0.1053
0.8364
0.8170
0.8569
0.7887
0.8078
0.1127
0.0695
0.0506
0.0610
0.0805
0.8395
0.0634
0.0637
0.1255
0.1552
0.1321
0.8838
0.8681
0.8366
0.8316
0.8472
0.8471
0.8663
0.8563
0.0860
0.0613
0.0495
0.0496
0.0831
0.8162
0.8106
0.7973
0.8467
0.2245
0.1527
0.0769
0.0896
0.0889
0.7650
0.8026
0.8441
0.8728
0.8246
0.8370
0.8415
0.1655
0.0927
0.0825
0.0410
0.0343
0.0433
0.0553
0.0586
0.0492
0.0390
0.0448
0.0641
0.7656
0.0789
0.0820
0.0768
0.0679
0.0796
0.1185
0.6589
0.6428
0.6795
0.1343
0.0996
0.1077
0.6579
0.7257
0.7903
0.8245
0.8880
0.8705
0.1612
0.1079
0.1235
0.6153
0.6410
0.7164
0.7573
0.7619
0.7334
0.6939
0.7100
0.7230
0.7893
0.8324
0.7761
0.7220
0.7489
0.7843
0.8145
0.8345
0.7505
0.1104
0.0758
0.0846
0.1112
0.1550
0.2125
0.7627
0.7420
0.7586
0.8299
0.8793
0.8387
0.0888
0.0524
0.0317
0.0281
0.0225
0.0170
0.0187
0.0305
0.0257
0.0353
0.0335
0.1009
0.9656
0.9728
0.9763
0.9685
0.1169
0.0298
0.0190
0.0160
0.0151
0.0157
0.0246
0.0443
0.0517
0.0444
0.0841
0.1580
0.9097
0.9155
0.9110
0.9003
0.9094
0.8993
0.1464
0.0782
0.0771
0.0454
0.0428
0.0533
0.0863
0.1324
0.1523
0.6425
0.1432
0.1435
0.1781
0.2109
0.2014
0.1693
0.1765
0.2200
0.5610
0.5903
0.4320
0.4679
0.4475
0.3489
0.2288
0.2101
0.5329
0.2161
0.2306
0.2369
0.2392
0.3042
0.4514
0.5277
0.8327
0.8316
0.7862
0.6374
0.5824
0.2474
0.3329
0.3632
0.7692
0.7747
0.6889
0.6903
0.7074
0.7423
0.3598
0.2714
0.2137
0.2426
0.1424
0.0900
0.0844
0.1177
0.2574
0.8707
0.3076
0.8241
0.8375
0.8015
0.7674
0.7400
0.7148
0.6938
0.7358
0.7549
0.7405
0.1835
0.6818
0.1040
0.0794
0.0745
0.1006
0.2064
0.3107
0.7974
0.7362
0.7899
0.8406
0.8285
0.7417
0.6757
0.1415
0.1365
0.1536
0.1793
0.1172
0.7774
0.1248
0.0791
0.0817
0.0976
0.0622
0.0452
0.0436
0.0849
0.2297
0.9171
0.9072
0.8479
0.8419
0.8775
0.1257
0.1094
0.0673
0.0930
0.0964
0.0717
0.0604
0.0329
0.0338
0.0421
0.0832
0.1805
0.2292
0.1935
0.6754
0.6427
0.6265
0.6590
0.6984
0.7436
0.8404
0.8494
0.7954
0.1478
0.0830
0.0755
0.0812
0.1270
0.1238
0.1230
0.1317
0.0892
0.1229
0.8396
0.8298
0.8755
0.0848
0.0531
0.0530
0.0614
0.0996
0.0654
0.0440
0.0468
0.0744
0.1836
0.7873
0.8583
0.8615
0.8153
0.8438
0.8127
0.6749
0.1328
0.0915
0.0900
0.1291
0.1914
0.1543
0.1217
0.1076
0.7219
0.1473
0.8226
0.3357
0.9089
0.8625
0.1325
0.0631
0.0391
0.0480
0.0348
0.0421
0.0496
0.0287
0.0355
0.1132
0.9470
0.9667
0.9495
0.0544
0.0223
0.0157
0.0153
0.0146
0.0174
0.0281
0.0539
0.1155
0.1493
0.8779
0.7647
0.1625
0.8275
0.3276
0.9277
0.3196
0.2566
0.1477
0.0633
0.0393
0.0457
0.0843
0.2369
0.9010
0.2019
0.0933
0.0657
0.0512
0.0509
0.0696
0.0667
0.1042
0.2114
0.3260
0.9259
0.9138
0.1111
0.0844
0.0395
0.0333
0.0295
0.0352
0.0441
0.0853
0.8621
0.8565
0.9000
0.9300
0.9242
0.9214
0.1317
0.0503
0.0441
0.0294
0.0376
0.0328
0.0558
0.1139
0.8917
0.8110
0.1456
0.1408
0.8279
0.1372
0.0783
0.0647
0.0614
0.0629
0.0978
0.1022
0.1797
0.7579
0.7930
0.8484
0.8444
0.2548
0.1921
0.0823
0.0630
0.0701
0.0381
0.0298
0.0303
0.0311
0.0447
0.0608
0.0352
0.0361
0.0472
0.1190
0.1904
0.8931
0.8868
0.9067
0.9458
0.9480
0.1005
0.0404
0.0251
0.0312
0.0254
0.0351
0.0543
0.0490
0.0858
0.1041
0.8863
0.8281
0.8793
0.0927
0.0573
0.0388
0.0373
0.0440
0.0505
0.0709
0.0892
0.1188
0.9141
0.2064
0.0963
0.0917
0.0595
0.0500
0.0779
0.1480
0.9186
0.8326
0.0661
0.0513
0.0406
0.0320
0.0343
0.0361
0.0370
0.0572
0.0464
0.0509
0.9135
0.0841
0.0507
0.0620
0.0800
0.1666
0.9671
0.9756
0.9688
0.1338
0.0433
0.0227
0.0192
0.0314
0.8649
0.0411
0.0554
0.0389
0.0350
0.0593
0.0572
0.7925
0.7937
0.8360
0.1024
0.1343
0.1127
0.0692
0.0912
0.0866
0.0563
0.0695
0.0483
0.0402
0.0546
0.7506
0.1129
0.2431
0.3713
0.8911
0.8307
0.7895
0.7599
0.8149
0.7868
0.8365
0.8207
0.8694
0.8600
0.7959
0.1482
0.1321
0.8497
0.0738
0.0440
0.0385
0.0473
0.0601
0.0736
0.1349
0.0978
0.0789
0.7635
0.7605
0.0754
0.0784
0.0451
0.0422
0.0466
0.0756
0.9001
0.9288
0.9472
0.9407
0.0978
0.0357
0.0351
0.0952
0.9145
0.9454
0.9600
0.9482
0.0713
0.0303
0.0366
0.1217
0.9514
0.8927
0.0514
0.0609
0.0554
0.0424
0.0502
0.0937
0.9361
0.8994
0.0613
0.0624
0.0445
0.0428
0.0793
0.0746
0.0343
0.0328
0.0504
0.8936
0.0819
0.0738
0.1054
0.0704
0.0799
0.8919
0.1304
0.1906
0.9204
0.8821
0.9034
0.1526
0.0519
0.0382
0.0462
0.0777
0.7428
0.7405
0.7626
0.7941
0.1410
0.0993
0.0986
0.3107
0.9233
0.9101
