0.3344
0.1383
0.0914
0.0880
0.0980
0.1225
0.2113
0.8043
0.8190
0.8488
0.7853
0.2098
0.1508
0.1571
0.2209
0.5643
0.5407
0.5427
0.3557
0.2820
0.2799
0.3459
0.2846
0.2060
0.1754
0.1482
0.1458
0.1791
0.2599
0.7706
0.8405
0.4021
0.2092
0.1284
0.1162
0.6809
0.2080
0.1911
0.8126
0.2537
0.1831
0.1285
0.0501
0.0335
0.0328
0.0418
0.0735
0.1017
0.8431
0.9080
0.8992
0.1830
0.1664
0.8509
0.8935
0.9117
0.8465
0.8078
0.7867
0.0880
0.0785
0.7773
0.0610
0.0565
0.0612
0.1144
0.9174
0.9113
0.0845
0.0493
0.0618
0.1039
0.0998
0.8076
0.1127
0.0848
0.0797
0.1472
0.2177
0.2607
0.3840
0.3615
0.2750
0.2333
0.1447
0.1321
0.7350
0.8599
0.8907
0.8785
0.1738
0.1517
0.0999
0.0929
0.1384
0.2293
0.7722
0.2439
0.1986
0.2034
0.6715
0.8198
0.8598
0.8348
0.3068
0.3069
0.3181
0.7145
0.7149
0.7363
0.7697
0.7377
0.7167
0.5992
0.5765
0.6213
0.5495
0.2313
0.2028
0.1741
0.1713
0.1881
0.2128
0.5803
0.6915
0.6259
0.5486
0.5414
0.2433
0.2213
0.1995
0.6029
0.1830
0.1476
0.1563
0.1691
0.2129
0.1362
0.1099
0.1064
0.0908
0.0831
0.0832
0.0731
0.0764
0.1082
0.7141
0.7696
0.7773
0.8122
0.1782
0.1251
0.1521
0.6569
0.6858
0.7040
0.2316
0.1282
0.1520
0.7690
0.8431
0.8878
0.8713
0.7671
0.7162
0.1028
0.0939
0.1837
0.8902
0.8968
0.9149
0.2368
0.0762
0.0543
0.0738
0.0584
0.0780
0.6760
0.7584
0.8759
0.8759
0.7628
0.0895
0.0591
0.0583
0.0826
0.1060
0.0560
0.0450
0.0419
0.0606
0.0982
0.1556
0.1338
0.8110
0.7575
0.7080
0.1320
0.1572
0.8271
0.7690
0.1606
0.2022
0.1725
0.7830
0.8123
0.8514
0.9108
0.9147
0.8766
0.2010
0.0883
0.0597
0.7012
0.0770
0.1144
0.8270
0.7648
0.7729
0.1127
0.1172
0.1199
0.0685
0.0766
0.6325
0.7234
0.8609
0.8814
0.2106
0.1479
0.7068
0.7033
0.1002
0.1204
0.1496
0.1015
0.7829
0.8269
0.8971
0.8907
0.1173
0.1010
0.1263
0.1253
0.8279
0.7624
0.1894
0.1522
0.7917
0.8850
0.8854
0.0943
0.0487
0.0399
0.0347
0.0362
0.0470
0.0803
0.8759
0.1616
0.1105
0.1241
0.0852
0.0931
0.7096
0.2123
0.3862
0.4615
0.8088
0.6980
0.2599
0.2846
0.2013
0.2163
0.3051
0.2219
0.5326
0.1305
0.0962
0.0840
0.0926
0.1573
0.8102
0.8609
0.8103
0.7202
0.7124
0.6643
0.6272
0.1068
0.0808
0.0719
0.0751
0.0889
0.1234
0.2383
0.2681
0.7755
0.2875
0.2954
0.1618
0.1287
0.1276
0.1260
0.1556
0.2602
0.7170
0.7275
0.8074
0.7941
0.6715
0.1387
0.0937
0.0851
0.0818
0.1007
0.1992
0.2790
0.8554
0.7770
0.8113
0.7411
0.2059
0.1066
0.1042
0.6202
0.6537
0.7564
0.1597
0.1645
0.7869
0.8451
0.1482
0.1053
0.0854
0.0896
0.7060
0.7483
0.7803
0.8596
0.2009
0.2445
0.1863
0.1072
0.6577
0.6576
0.1302
0.2027
0.8762
0.8949
0.8852
0.2127
0.1455
0.2209
0.8589
0.8430
0.8950
0.9076
0.9057
0.8932
0.3676
0.2032
0.1306
0.1443
0.2307
0.2096
0.1906
0.6002
0.5972
0.2239
0.1214
0.0973
0.0768
0.0605
0.0668
0.1110
0.8701
0.8342
0.0940
0.0578
0.0560
0.0816
0.0555
0.0593
0.0804
0.8256
0.8411
0.8984
0.9288
0.9221
0.8597
0.8372
0.8008
0.0856
0.0979
0.0504
0.0422
0.0357
0.0407
0.0637
0.7373
0.7880
0.8797
0.8751
0.7580
0.0990
0.0696
0.0585
0.0774
0.1589
0.1717
0.1495
0.6089
0.1248
0.1341
0.1870
0.7389
0.2070
0.2363
0.3126
0.8919
0.1316
0.0523
0.0425
0.0623
0.9108
0.1065
0.1267
0.0751
0.0638
0.1255
0.8713
0.8655
0.8907
0.9305
0.1024
0.0417
0.0327
0.0418
0.0587
0.7751
0.7415
0.0618
0.0623
0.0932
0.2886
0.9351
0.3066
0.2136
0.3144
0.8309
