0.6876
0.2774
0.1251
0.1107
0.1458
0.2769
0.8175
0.8516
0.8179
0.7833
0.6854
0.5970
0.5361
0.5249
0.5412
0.5981
0.7220
0.7470
0.6376
0.2512
0.1820
0.1684
0.2146
0.6177
0.7835
0.8287
0.7708
0.2454
0.1763
0.1839
0.2574
0.5425
0.6023
0.3607
0.5151
0.3233
0.3512
0.2880
0.2820
0.3196
0.3938
0.5581
0.2909
0.2387
0.2153
0.2104
0.2295
0.5420
0.2397
0.1684
0.1331
0.1240
0.1495
0.5941
0.7080
0.6879
0.7380
0.8355
0.8282
0.6841
0.5985
0.1139
0.0955
0.1090
0.1636
0.2096
0.1493
0.1124
0.1075
0.1298
0.1800
0.7298
0.8320
0.8894
0.4846
0.3245
0.1413
0.1108
0.1224
0.1556
0.1768
0.1809
0.2040
0.2145
0.2521
0.1612
0.1264
0.1209
0.1153
0.1433
0.6525
0.7551
0.7190
0.7496
0.8384
0.8277
0.2078
0.1499
0.6049
0.6597
0.1349
0.1176
0.1600
0.0978
0.0521
0.0412
0.0509
0.1192
0.9164
0.9438
0.9463
0.9404
0.9314
0.0741
0.0346
0.0275
0.0281
0.0338
0.0480
0.0534
0.0441
0.0398
0.0416
0.0498
0.0704
0.0953
0.1514
0.1292
0.1480
0.2293
0.6464
0.7117
0.3804
0.3423
0.3653
0.3123
0.3304
0.6138
0.5964
0.6213
0.5735
0.5998
0.7018
0.6988
0.5679
0.2925
0.2668
0.2545
0.4930
0.2776
0.5106
0.3231
0.4027
0.7594
0.7713
0.3691
0.2695
0.2080
0.1970
0.2108
0.5509
0.2225
0.1881
0.1948
0.2539
0.2032
0.2060
0.2616
0.1866
0.6557
0.1234
0.0808
0.0642
0.0590
0.0668
0.1071
0.1923
0.2096
0.1459
0.1035
0.0464
0.0373
0.0458
0.0734
0.0737
0.6817
0.0892
0.1011
0.0869
0.1537
0.8925
0.8798
0.7416
0.6813
0.1075
0.1014
0.1155
0.7526
0.1021
0.0712
0.0582
0.0848
0.8040
0.8921
0.8969
0.8462
0.1538
0.1641
0.1182
0.7978
0.7296
0.0618
0.0475
0.0686
0.8382
0.9102
0.9504
0.3679
0.1501
0.0368
0.0304
0.6614
0.0308
0.0302
0.0576
0.9111
0.9524
0.9613
0.9093
0.0572
0.0369
0.0399
0.7548
0.0350
0.0315
0.0477
0.1247
0.9394
0.9369
0.9376
0.9209
0.0865
0.0633
0.0711
0.8110
0.8002
0.0548
0.0374
0.0295
0.0352
0.0520
0.1287
0.2250
0.9215
0.1524
0.1598
0.1060
0.7339
0.7122
0.7096
0.6941
0.0847
0.0699
0.0935
0.1823
0.9327
0.9340
0.1311
0.0628
0.0364
0.0312
0.0331
0.0441
0.0643
0.1416
0.9097
0.8722
0.1568
0.0999
0.1137
0.8293
0.1120
0.0749
0.0774
0.1283
0.8345
0.8332
0.8151
0.1740
0.1288
0.1178
0.1678
0.2207
0.6550
0.1700
0.1352
0.1294
0.1427
0.1521
0.1877
0.3050
0.3721
0.7371
0.7273
0.4050
0.2960
0.5507
0.3509
0.6566
0.3493
0.3654
0.2666
0.5058
0.4970
0.5198
0.5746
0.1995
0.1578
0.1573
0.6515
0.7905
0.8485
0.2451
0.1024
0.0493
0.0352
0.0299
0.0282
0.0300
0.0394
0.0568
0.1274
0.9441
0.0816
0.0535
0.0665
0.7978
0.8176
0.8201
0.8565
0.9166
0.9191
0.8545
0.7258
0.0606
0.0611
0.1181
0.8824
0.8633
0.2063
0.1477
0.1219
0.0560
0.0308
0.0270
0.0321
0.0519
0.1349
0.2437
0.8225
0.8335
0.8026
0.3055
0.3293
0.2218
0.5485
0.1829
0.1737
0.1833
0.1844
0.2125
0.5479
0.5935
0.7000
0.6958
0.5607
0.1995
0.1583
0.1501
0.1548
0.1683
0.1906
0.1828
0.1783
0.1875
0.2120
0.2063
0.5228
0.2071
0.5179
0.1775
0.1869
0.6422
0.1885
0.1274
0.0910
0.1014
0.1279
0.8228
0.7200
0.0957
0.0815
0.1246
0.8405
0.9119
0.9164
0.0932
0.0418
0.0374
0.0657
0.8588
0.9338
0.9416
0.9181
0.0988
0.0544
0.0576
0.0927
0.6743
0.6491
0.6413
0.6538
0.2064
0.1570
0.2222
0.8336
0.8514
0.8125
0.2265
0.1943
0.1300
0.1578
0.2900
0.6939
0.6774
0.4185
0.4247
0.7569
0.7584
0.7147
0.3015
0.2062
0.1919
0.2272
0.3405
0.6165
0.6625
0.7028
0.6459
0.6894
0.7780
0.8061
