0.4293
0.2726
0.1690
0.1037
0.0854
0.0892
0.1146
0.1897
0.6706
0.6711
0.7340
0.8405
0.8664
0.8477
0.7855
0.7583
0.1542
0.1357
0.0879
0.1231
0.8428
0.1088
0.7348
0.0888
0.1398
0.1372
0.0865
0.1430
0.8772
0.7914
0.7958
0.8316
0.8515
0.1773
0.1052
0.0745
0.0724
0.0918
0.9026
0.1051
0.1009
0.0545
0.0585
0.0797
0.7044
0.7542
0.8568
0.8741
0.8539
0.9003
0.9158
0.9153
0.8944
0.7737
0.0828
0.0559
0.0559
0.0662
0.1118
0.1843
0.1575
0.1487
0.6129
0.6886
0.1713
0.1428
0.1851
0.3166
0.8813
0.8920
0.3022
0.1083
0.0833
0.1114
0.1379
0.0729
0.0600
0.0725
0.7625
0.1540
0.1691
0.0808
0.0782
0.7439
0.2301
0.9148
0.9242
0.3247
0.1044
0.1006
0.8072
0.8851
0.8839
0.9215
0.9033
0.9187
0.0643
0.0321
0.0249
0.0207
0.0215
0.0273
0.0436
0.0694
0.8292
0.1156
0.1314
0.7952
0.7409
0.8122
0.1490
0.1632
0.2098
0.7433
0.1119
0.1228
0.2402
0.8599
0.8419
0.1940
0.1334
0.1453
0.2169
0.6025
0.5556
0.5439
0.5570
0.6304
0.3735
0.4056
0.4000
0.7428
0.7333
0.3203
0.2427
0.2049
0.2145
0.2180
0.2196
0.2733
0.3719
0.7389
0.7321
0.6200
0.6278
0.7411
0.7511
0.6261
0.2428
0.1709
0.1701
0.5675
0.6768
0.8292
0.8753
0.8791
0.8597
0.3440
0.2413
0.2700
0.2015
0.1622
0.1567
0.1852
0.5984
0.7234
0.8130
0.8086
0.3816
0.6816
0.6885
0.7028
0.5836
0.2221
0.6337
0.7811
0.8369
0.8703
0.8370
0.1505
0.0926
0.0869
0.0982
0.1139
0.1160
0.1242
0.1456
0.2059
0.1779
0.2162
0.8055
0.7878
0.7496
0.7925
0.1576
0.1072
0.1018
0.0989
0.1100
0.1373
0.1947
0.5096
0.5524
0.6190
0.3859
0.4107
0.4130
0.7331
0.4845
0.4431
0.3975
0.2488
0.1962
0.1912
0.2141
0.2787
0.4037
0.3991
0.2560
0.2140
0.2502
0.6653
0.6348
0.2336
0.1653
0.1709
0.2034
0.2772
0.7862
0.7459
0.7720
0.8508
0.8721
0.4156
0.3278
0.2547
0.2138
0.3186
0.7832
0.7695
0.2048
0.1421
0.1468
0.1526
0.1332
0.1030
0.0960
0.0969
0.1501
0.8067
0.8737
0.8562
0.1707
0.1089
0.1325
0.7656
0.8698
0.8923
0.8698
0.1992
0.1621
0.1334
0.7116
0.7826
0.7543
0.1839
0.2379
0.8596
0.8504
0.1948
0.0756
0.0608
0.0821
0.0679
0.0839
0.1366
0.7544
0.2844
0.1433
0.0940
0.0808
0.0803
0.0878
0.0806
0.0837
0.1056
0.7033
0.7162
0.7276
0.0994
0.0586
0.0465
0.0489
0.0577
0.1081
0.9051
0.8913
0.0797
0.0527
0.0749
0.1601
0.9250
0.2003
0.0690
0.0701
0.7369
0.7949
0.8778
0.8508
0.0805
0.0490
0.0387
0.0543
0.1055
0.9253
0.1116
0.1600
0.8756
0.8987
0.9391
0.9359
0.1642
0.1272
0.8978
0.9374
0.1303
0.0374
0.0278
0.0442
0.0568
0.8356
0.8562
0.9108
0.9063
0.1053
0.1036
0.1769
0.9505
0.1432
0.0376
0.0210
0.0181
0.0195
0.0253
0.0449
0.0534
0.1129
0.2825
0.9372
0.9114
0.8082
0.0673
0.0463
0.0429
0.0432
0.0391
0.0382
0.0417
0.0600
0.1496
0.9160
0.9034
0.8512
0.8686
0.9041
0.9091
0.9262
0.2007
0.0565
0.0336
0.0348
0.0495
0.0775
0.7296
0.8239
0.3624
0.2575
0.1019
0.1093
0.7756
0.8145
0.7291
0.7342
0.8008
0.8947
0.9185
0.9155
0.8784
0.8168
0.0635
0.0501
0.0576
0.0623
0.0482
0.0409
0.0305
0.0265
0.0288
0.0448
0.1367
0.9406
0.9334
0.8556
0.8276
0.7943
0.7459
0.7380
0.7668
0.1957
0.0919
0.0629
0.0628
0.0809
0.7068
0.2106
0.2018
0.7704
0.8493
0.8539
0.3187
0.1193
0.0831
0.0910
0.1338
0.2729
0.7607
0.7096
0.3258
0.3130
0.6540
0.3541
0.3145
0.2552
0.2018
0.1933
0.2178
0.2814
0.6239
0.3066
0.2763
0.2347
0.2402
0.2392
0.2763
0.3215
0.4224
0.4351
0.3966
0.4340
0.4291
0.3682
0.4037
0.3799
0.7007
0.2675
0.2096
0.3269
0.7306
