0.8594
0.8913
0.8084
0.6778
0.6261
0.5950
0.5969
0.2980
0.3064
0.2081
0.2021
0.2207
0.2901
0.8049
0.8020
0.6563
0.6158
0.6703
0.7020
0.1120
0.0736
0.0589
0.0542
0.0535
0.0554
0.0467
0.0414
0.0406
0.0426
0.0354
0.0305
0.0280
0.0269
0.0269
0.0289
0.0330
0.0291
0.0273
0.0318
0.0612
0.8780
0.9249
0.9310
0.9437
0.8963
0.8362
0.0623
0.0484
0.0647
0.8628
0.1529
0.9264
0.1818
0.0659
0.0449
0.0408
0.0564
0.8304
0.0658
0.0478
0.0390
0.0372
0.0378
0.0395
0.0421
0.0468
0.0557
0.0735
0.1121
0.2026
0.7185
0.7060
0.2233
0.1660
0.1472
0.1514
0.1390
0.1381
0.1312
0.1617
0.6398
0.7345
0.8533
0.8552
0.1738
0.0923
0.0805
0.1007
0.1733
0.1205
0.0670
0.0567
0.0662
0.1097
0.7970
0.8232
0.8268
0.8717
0.8204
0.7995
0.0877
0.0496
0.0421
0.0482
0.0509
0.0602
0.0625
0.0768
0.5871
0.1075
0.1192
0.6090
0.7115
0.8545
0.8915
0.4083
0.2128
0.1952
0.1442
0.1654
0.2106
0.1758
0.1820
0.1928
0.2023
0.2080
0.1982
0.1111
0.0919
0.0861
0.0904
0.1195
0.3030
0.9088
0.9168
0.9127
0.9066
0.8928
0.1860
0.1229
0.1174
0.0876
0.1158
0.0906
0.1040
0.1212
0.1335
0.1733
0.6400
0.6737
0.7507
0.1929
0.1537
0.1903
0.7178
0.1975
0.1293
0.1130
0.1269
0.1900
0.2683
0.1652
0.0928
0.0856
0.1211
0.6994
0.7762
0.8646
0.8796
0.8551
0.8487
0.8048
0.8453
0.8365
0.8422
0.1635
0.0662
0.0543
0.0760
0.0645
0.0669
0.1219
0.8499
0.8761
0.8708
0.3550
0.2483
0.1512
0.1295
0.0927
0.1301
0.1391
0.1021
0.0861
0.0454
0.0496
0.0916
0.0988
0.7982
0.8168
0.8179
0.8371
0.8142
0.0732
0.0517
0.0437
0.0427
0.0607
0.0923
0.0723
0.0590
0.0521
0.0472
0.0438
0.0546
0.0614
0.0633
0.0631
0.0791
0.1016
0.1323
0.7870
0.8376
0.8827
0.1204
0.0894
0.1052
0.0576
0.0447
0.0427
0.0493
0.0667
0.1139
0.2168
0.8810
0.8841
0.1783
0.0937
0.1024
0.0941
0.1093
0.1639
0.1917
0.1645
0.8869
0.0577
0.0395
0.0463
0.0898
0.1046
0.1824
0.8152
0.1304
0.1177
0.7223
0.6949
0.6877
0.0778
0.0622
0.0782
0.1737
0.8546
0.8176
0.1390
0.0809
0.1071
0.9009
0.0841
0.0522
0.0466
0.0842
0.1056
0.0859
0.8532
0.0453
0.0444
0.0631
0.9340
0.0697
0.0554
0.0290
0.0472
0.8916
0.9312
0.9590
0.9623
0.9560
0.9218
0.0644
0.0322
0.0335
0.0456
0.8232
0.0581
0.0905
0.1140
0.9030
0.9011
0.1204
0.0605
0.0422
0.0447
0.0931
0.1307
0.8288
0.1306
0.1035
0.1664
0.8718
0.8627
0.7986
0.8184
0.8388
0.7422
0.1018
0.0656
0.0818
0.8025
0.9034
0.9162
0.8859
0.1229
0.1065
0.2099
0.8600
0.8219
0.1090
0.0643
0.0648
0.1173
0.8884
0.8946
0.8045
0.1076
0.1100
0.0689
0.0490
0.0546
0.0655
0.0808
0.0999
0.8197
0.1833
0.1660
0.1787
0.2424
0.2561
0.1983
0.1818
0.2535
0.6090
0.5974
0.6661
0.3707
0.2543
0.2521
0.3746
0.4186
0.3745
0.2533
0.2611
0.2951
0.3084
0.1896
0.1555
0.1538
0.1557
0.2074
0.1751
0.1480
0.1968
0.7811
0.7902
0.6932
0.6941
0.2187
0.2033
0.2828
0.2780
0.2926
0.6803
0.6506
0.7358
0.7297
0.7179
0.5841
0.5432
0.1597
0.5902
0.1036
0.0800
0.0948
0.1214
0.0720
0.0748
0.8290
0.1192
0.1801
0.3129
0.9335
0.8867
0.8876
0.9236
0.1911
0.1714
0.1296
0.0938
0.0564
0.0708
0.1020
0.0653
0.0426
0.0436
0.0547
0.0796
0.1500
0.1503
0.1988
0.2372
0.1377
0.1193
0.6306
0.7793
0.1365
0.0585
0.0389
0.0379
0.0532
0.0385
0.0439
0.0863
0.8966
0.0492
0.0499
0.0744
0.1807
0.9331
0.9240
0.9251
0.9258
0.9127
0.0730
0.0443
0.0473
0.0267
0.0231
0.0197
0.0214
0.0296
0.0334
0.0309
0.0362
0.0605
0.8001
0.8491
0.1597
0.1949
0.8509
0.9234
0.9042
