0.7739
0.7531
0.6463
0.2711
0.2090
0.1712
0.1599
0.1611
0.1754
0.2120
0.3220
0.7008
0.7713
0.8040
0.7902
0.7230
0.3666
0.3061
0.3496
0.4490
0.4881
0.7245
0.5811
0.2056
0.1557
0.1532
0.2157
0.7484
0.8135
0.3825
0.3429
0.8264
0.2379
0.0938
0.0772
0.1140
0.7629
0.8814
0.2480
0.0858
0.0650
0.0811
0.0533
0.0525
0.0828
0.7769
0.8378
0.8338
0.8255
0.7948
0.0835
0.0528
0.0453
0.0487
0.0493
0.0630
0.1114
0.8927
0.0862
0.0556
0.0586
0.0998
0.1072
0.8315
0.8821
0.0807
0.0425
0.0344
0.0389
0.0654
0.8493
0.9182
0.2198
0.0579
0.0303
0.0315
0.0650
0.9192
0.9411
0.9588
0.9104
0.0482
0.0269
0.0245
0.0345
0.0717
0.9169
0.0558
0.0365
0.0331
0.0418
0.0674
0.7551
0.7877
0.8757
0.1593
0.1080
0.0733
0.0753
0.0988
0.6618
0.6599
0.6713
0.6877
0.0852
0.0595
0.0556
0.0536
0.0704
0.0939
0.9309
0.0531
0.0292
0.0276
0.0461
0.1208
0.9550
0.9373
0.8989
0.8798
0.8620
0.0699
0.0693
0.0302
0.0230
0.0237
0.0309
0.0513
0.0319
0.0274
0.0317
0.0462
0.8088
0.1081
0.0687
0.0691
0.1212
0.9015
0.1350
0.1187
0.0542
0.0491
0.0623
0.1091
0.6992
0.7102
0.7836
0.6752
0.6425
0.1556
0.1307
0.1058
0.1163
0.1555
0.2394
0.1795
0.1745
0.5877
0.6844
0.8381
0.8722
0.8519
0.7556
0.7671
0.6479
0.1406
0.1372
0.1923
0.6416
0.7694
0.8021
0.3029
0.2934
0.3123
0.1874
0.1109
0.0961
0.1034
0.1269
0.6158
0.1348
0.1377
0.6679
0.7691
0.1366
0.1033
0.1371
0.1388
0.8046
0.8930
0.8990
0.0814
0.0412
0.0380
0.0518
0.0341
0.0349
0.0666
0.8907
0.9508
0.9618
0.9519
0.0777
0.0307
0.0242
0.0273
0.0301
0.0422
0.0764
0.7453
0.7611
0.8303
0.7347
0.1019
0.0809
0.0744
0.1011
0.7103
0.7976
0.8641
0.1239
0.0730
0.0579
0.0551
0.0640
0.0657
0.0578
0.0644
0.0685
0.1003
0.0653
0.0753
0.7730
0.7790
0.2748
0.9165
0.9262
0.9192
0.8688
0.8209
0.2407
0.9254
0.8799
0.0585
0.0362
0.0316
0.0282
0.0296
0.0378
0.0610
0.0389
0.0325
0.0319
0.0289
0.0310
0.0421
0.0829
0.1870
0.2206
0.2194
0.1151
0.0941
0.0829
0.0899
0.6138
0.1602
0.2975
0.3846
0.3581
0.7768
0.7931
0.7577
0.8153
0.8675
0.8586
0.7787
0.7118
0.1297
0.1898
0.1555
0.0768
0.0777
0.1406
0.8366
0.1270
0.1904
0.8834
0.8240
0.8732
0.2358
0.1156
0.7576
0.0703
0.0535
0.0531
0.0746
0.0952
0.1098
0.6621
0.6603
0.6915
0.6773
0.6953
0.7595
0.8619
0.8682
0.7837
0.1725
0.1396
0.1036
0.0779
0.0740
0.0826
0.1073
0.1170
0.1545
0.1370
0.7212
0.8384
0.8523
0.8499
0.7090
0.1265
0.1120
0.0904
0.0855
0.0857
0.0876
0.0930
0.1036
0.1271
0.1887
0.1695
0.5290
0.5479
0.5882
0.2158
0.2745
0.6914
0.7717
0.1189
0.0803
0.0881
0.0525
0.0445
0.0381
0.0429
0.0493
0.0812
0.0527
0.0335
0.0343
0.0436
0.7916
0.1253
0.2255
0.2276
0.1530
0.0858
0.7392
0.7764
0.8664
0.8739
0.1556
0.1044
0.1848
0.8521
0.8498
0.8722
0.8175
0.1297
0.0610
0.0731
0.8600
0.9330
0.1170
0.0443
0.0194
0.0138
0.0123
0.0126
0.0152
0.0227
0.0882
0.9750
0.9836
0.9719
0.0583
0.0262
0.0275
0.0165
0.0147
0.0173
0.0215
0.0397
0.0397
0.0235
0.0303
0.0819
0.9314
0.9071
0.8630
0.8072
0.1023
0.1174
0.2619
0.9334
0.9111
0.0827
0.0565
0.0596
0.0972
0.2302
0.9534
0.9403
0.0698
0.0281
0.0237
0.0342
0.0308
0.0316
0.0617
0.0850
0.2152
0.9553
0.0734
0.0340
0.0240
0.0203
0.0184
0.0180
0.0199
0.0250
0.0244
0.0191
0.0205
0.0345
0.0848
0.9424
0.9630
0.9408
0.8852
0.0538
0.0534
0.0383
0.0629
0.9109
0.1546
0.0984
0.0288
0.0204
0.0203
0.0176
0.0165
0.0164
0.0174
0.0201
0.0259
0.0331
0.0644
0.8712
0.9081
0.3901
0.4755
