0.8228
0.8302
0.7862
0.7931
0.7678
0.8038
0.8301
0.7784
0.3429
0.2330
0.2140
0.2304
0.2259
0.2316
0.2600
0.5100
0.2725
0.2491
0.2478
0.2848
0.5299
0.5471
0.3289
0.3697
0.4252
0.4204
0.3762
0.7104
0.6878
0.7261
0.2610
0.1778
0.2271
0.7873
0.8003
0.2000
0.1381
0.1570
0.7157
0.8372
0.8360
0.7076
0.6359
0.1592
0.1822
0.1657
0.6442
0.7154
0.7709
0.1987
0.1840
0.3247
0.8204
0.7976
0.7709
0.6219
0.1628
0.1710
0.2206
0.2849
0.2461
0.5381
0.5220
0.2578
0.2585
0.3342
0.3210
0.3450
0.2490
0.5170
0.2001
0.1764
0.2078
0.5882
0.6934
0.6835
0.7549
0.8206
0.8150
0.7300
0.2612
0.1321
0.1180
0.1894
0.8010
0.7904
0.8447
0.8480
0.8685
0.2738
0.1226
0.1201
0.2247
0.8109
0.6904
0.1604
0.1156
0.1058
0.1112
0.0967
0.0898
0.0955
0.1276
0.6822
0.6570
0.6383
0.6465
0.7006
0.8352
0.3562
0.2802
0.7444
0.0640
0.0508
0.0667
0.0470
0.0514
0.0832
0.8793
0.9420
0.9549
0.9416
0.0686
0.0261
0.0198
0.0218
0.0258
0.0405
0.7566
0.1633
0.3698
0.9284
0.9204
0.2033
0.0581
0.0397
0.0540
0.1482
0.2826
0.9272
0.9165
0.8522
0.0590
0.0334
0.0291
0.0292
0.0326
0.0630
0.0701
0.0454
0.0374
0.0358
0.0248
0.0585
0.9574
0.9640
0.9719
0.9406
0.0446
0.0270
0.0281
0.0301
0.0167
0.0157
0.0164
0.0190
0.0351
0.0392
0.0312
0.0622
0.9286
0.9456
0.9453
0.9359
0.8783
0.0745
0.0515
0.0355
0.0259
0.0249
0.0284
0.0286
0.0322
0.0323
0.0380
0.0556
0.0392
0.0384
0.0522
0.1053
0.0962
0.0818
0.6567
0.0987
0.1207
0.1367
0.1355
0.1193
0.1300
0.1514
0.1974
0.1614
0.1739
0.7676
0.3430
0.2407
0.1780
0.7647
0.1287
0.1184
0.1782
0.8328
0.7584
0.1186
0.0718
0.0457
0.0399
0.0447
0.0512
0.0808
0.0909
0.7992
0.8694
0.9189
0.9176
0.8647
0.7857
0.7473
0.0597
0.0490
0.0465
0.0667
0.0497
0.0606
0.1245
0.1168
0.0523
0.0486
0.0729
0.6643
0.7670
0.7036
0.7004
0.7796
0.1233
0.0821
0.0962
0.7182
0.8391
0.9096
0.9044
0.1122
0.0574
0.0484
0.0528
0.0617
0.0723
0.1134
0.7943
0.8613
0.8296
0.8673
0.1096
0.0820
0.0998
0.0600
0.0533
0.0631
0.0874
0.6558
0.0957
0.0931
0.1212
0.1943
0.7943
0.7430
0.8056
0.1702
0.1054
0.0714
0.0718
0.0980
0.8064
0.1212
0.1065
0.1312
0.8418
0.8288
0.8943
0.8947
0.8947
0.0882
0.0447
0.0346
0.0355
0.0440
0.0677
0.1508
0.1840
0.8441
0.1640
0.1178
0.0993
0.1383
0.7994
0.8396
0.7198
0.6498
0.0971
0.0946
0.1263
0.0920
0.0842
0.0899
0.1359
0.1160
0.7324
0.1802
0.1211
0.1418
0.7339
0.7901
0.7124
0.7006
0.7448
0.1932
0.1380
0.0961
0.0741
0.0619
0.0627
0.1022
0.7834
0.7828
0.8574
0.8459
0.7464
0.1018
0.0785
0.1056
0.1194
0.7935
0.8851
0.9053
0.8814
0.1306
0.0907
0.0884
0.1387
0.7241
0.7937
0.7576
0.1222
0.0939
0.1096
0.0656
0.0579
0.0689
0.1105
0.0658
0.0522
0.0560
0.0727
0.7261
0.1106
0.1333
0.7785
0.7353
0.7339
0.1022
0.0834
0.1274
0.8657
0.8424
0.8722
0.9223
0.9128
0.7978
0.0676
0.0625
0.1149
0.8587
0.8378
0.0953
0.0731
0.6660
0.0460
0.0372
0.0421
0.0641
0.1784
0.9252
0.9320
0.9190
0.8084
0.0614
0.0405
0.0393
0.0491
0.0574
0.0816
0.1006
0.1393
0.0767
0.0582
0.0445
0.0467
0.0720
0.7829
0.8760
0.8857
0.8118
0.8406
0.1945
0.2418
0.8408
0.7258
0.6965
0.7226
0.2340
0.1731
0.6739
0.7047
0.7983
0.8412
0.1193
0.0708
0.0668
0.0982
0.0748
0.0797
0.0877
0.1307
0.1098
0.7554
0.8608
0.2968
0.1293
0.1472
0.8578
0.8060
0.7070
0.6426
0.1117
0.1207
0.2284
0.8594
0.8408
0.2354
0.2189
0.2258
0.1346
0.1157
0.1272
0.1267
0.1431
0.1848
0.2706
0.1943
0.1581
0.1600
0.4895
0.5198
0.5978
0.7380
0.8000
