0.8508
0.8833
0.8673
0.7872
0.7633
0.7824
0.8501
0.8254
0.6643
0.5845
0.5653
0.5754
0.2273
0.1879
0.1908
0.5301
0.5586
0.5981
0.6765
0.5845
0.1886
0.1817
0.2544
0.6685
0.7794
0.4806
0.4098
0.4057
0.3468
0.3664
0.2902
0.2482
0.3118
0.7217
0.7409
0.3002
0.2251
0.1984
0.2374
0.6465
0.5753
0.2418
0.5535
0.5848
0.6794
0.7733
0.2567
0.2247
0.1354
0.1299
0.0729
0.0634
0.0762
0.1077
0.7454
0.8060
0.8203
0.7980
0.1815
0.1939
0.1143
0.0693
0.0610
0.0604
0.0840
0.1353
0.6882
0.7956
0.3598
0.7545
0.6027
0.1666
0.1311
0.1352
0.1778
0.5054
0.5671
0.3704
0.2960
0.5094
0.5101
0.5225
0.5503
0.5744
0.6562
0.3459
0.4094
0.7771
0.7807
0.6623
0.2444
0.1856
0.1854
0.2312
0.2822
0.2414
0.2968
0.7765
0.8130
0.3721
0.2513
0.5715
0.5508
0.5625
0.2018
0.2190
0.2461
0.1471
0.1133
0.0877
0.0845
0.0961
0.1100
0.6127
0.1690
0.6709
0.7345
0.8410
0.8694
0.8926
0.8757
0.1014
0.0480
0.0444
0.0431
0.0445
0.0788
0.8597
0.9346
0.9477
0.9292
0.0949
0.0428
0.0408
0.0595
0.0495
0.0701
0.7437
0.8367
0.8966
0.8991
0.8725
0.8570
0.1090
0.0601
0.0635
0.1262
0.8764
0.8748
0.8692
0.7460
0.6976
0.1159
0.0933
0.1362
0.8587
0.8868
0.7959
0.7152
0.0716
0.0752
0.1661
0.8631
0.9192
0.9317
0.9173
0.0610
0.0297
0.0247
0.0280
0.0333
0.0431
0.0726
0.9060
0.1245
0.1358
0.8935
0.8919
0.8628
0.8237
0.0556
0.0372
0.0340
0.0406
0.0587
0.0690
0.8023
0.0526
0.0368
0.0338
0.0421
0.0769
0.0876
0.1014
0.1415
0.1386
0.8490
0.7811
0.1799
0.2100
0.6615
0.1096
0.1143
0.1574
0.2103
0.1257
0.1052
0.1080
0.0944
0.0848
0.0976
0.1684
0.1970
0.2160
0.8308
0.1176
0.1017
0.1564
0.8468
0.7764
0.1100
0.0661
0.0415
0.0360
0.0403
0.0460
0.0733
0.0837
0.8228
0.8871
0.9318
0.9325
0.8911
0.8229
0.7761
0.0496
0.0405
0.0380
0.0557
0.0420
0.0525
0.1106
0.1044
0.0460
0.0428
0.0651
0.7211
0.8060
0.7629
0.1530
0.1853
0.1060
0.0721
0.0792
0.1351
0.7795
0.8687
0.8903
0.3873
0.1475
0.0881
0.0624
0.0608
0.0757
0.1020
0.7166
0.7319
0.8080
0.7489
0.7826
0.6971
0.7170
0.8086
0.7871
0.1424
0.1615
0.1062
0.0869
0.1165
0.0998
0.1434
0.6837
0.7674
0.7247
0.7795
0.1459
0.1003
0.0875
0.1284
0.8789
0.2446
0.1011
0.0875
0.1171
0.8453
0.8154
0.8763
0.8418
0.8737
0.0887
0.0487
0.0402
0.0452
0.0504
0.0717
0.1514
0.1717
0.8501
0.1502
0.1083
0.0922
0.1316
0.8079
0.8427
0.7225
0.6464
0.1050
0.1058
0.1541
0.1398
0.6167
0.6362
0.7575
0.1445
0.1107
0.1306
0.0800
0.0741
0.0833
0.6658
0.7421
0.8597
0.8817
0.8531
0.8368
0.7278
0.6536
0.1463
0.2448
0.8326
0.8912
0.9103
0.1116
0.0369
0.0264
0.0338
0.0907
0.9423
0.9592
0.9580
0.9379
0.0614
0.0286
0.0270
0.0430
0.0781
0.8892
0.1838
0.1728
0.8452
0.7394
0.1326
0.1707
0.1038
0.0940
0.0760
0.0742
0.0774
0.0852
0.0957
0.1125
0.1133
0.1231
0.1288
0.1694
0.5757
0.6746
0.6991
0.7942
0.7929
0.6946
0.7229
0.1200
0.0733
0.0605
0.0507
0.0511
0.0696
0.0960
0.0680
0.0839
0.1196
0.8193
0.1308
0.1818
0.1705
0.1325
0.8547
0.7901
0.1217
0.0697
0.0789
0.1297
0.2671
0.8821
0.7874
0.8094
0.8363
0.8591
0.7779
0.7664
0.0961
0.0806
0.0442
0.0536
0.1233
0.8848
0.8547
0.7374
0.0830
0.0908
0.1336
0.8236
0.8289
0.1036
0.1245
0.0654
0.0215
0.0175
0.0320
0.1212
0.9704
0.9754
0.9659
0.1457
0.0535
0.0167
0.0128
0.0183
0.0339
0.0699
0.8726
0.0828
0.1155
0.1300
0.9193
0.9033
0.0942
0.0776
0.0911
0.1330
0.8148
0.1333
0.1525
0.1100
0.7400
0.8025
0.8536
0.7829
0.7695
0.1495
0.1397
0.0680
0.0565
0.0734
0.0728
0.2040
0.9110
0.9049
