0.6852
0.2631
0.1225
0.1079
0.1211
0.1440
0.1560
0.1929
0.3162
0.7798
0.8342
0.8260
0.7836
0.7581
0.3430
0.3219
0.2403
0.6018
0.2604
0.7876
0.7927
0.1722
0.1352
0.1674
0.8590
0.2919
0.1615
0.7661
0.8401
0.0988
0.0683
0.0585
0.0557
0.0566
0.0586
0.0355
0.0390
0.0289
0.0424
0.0915
0.8883
0.9217
0.9559
0.9543
0.1212
0.0665
0.0356
0.0306
0.0351
0.0495
0.0839
0.1094
0.1225
0.1148
0.0862
0.7494
0.8145
0.1092
0.0830
0.0673
0.0770
0.1100
0.5641
0.6286
0.7310
0.6358
0.2074
0.5502
0.1586
0.1758
0.2346
0.6439
0.6502
0.7286
0.7957
0.7821
0.6800
0.6795
0.2714
0.2236
0.2489
0.2792
0.2149
0.2288
0.3511
0.7879
0.8103
0.3920
0.2697
0.5623
0.5377
0.5420
0.2019
0.1940
0.1917
0.1828
0.2156
0.1566
0.1724
0.7739
0.1757
0.1317
0.1329
0.2360
0.7833
0.8383
0.8265
0.8779
0.8791
0.1313
0.0636
0.0404
0.0374
0.0488
0.0867
0.8600
0.9308
0.9444
0.9349
0.1559
0.0929
0.0376
0.0290
0.0332
0.0580
0.7434
0.8397
0.8991
0.9018
0.8757
0.8643
0.1369
0.0863
0.1176
0.1557
0.8514
0.8506
0.8797
0.8655
0.7865
0.1026
0.0845
0.1151
0.0756
0.0743
0.7302
0.0688
0.0573
0.0597
0.0601
0.0835
0.8108
0.8475
0.9054
0.8677
0.0797
0.0602
0.0951
0.1125
0.8873
0.1745
0.8692
0.0760
0.0569
0.0501
0.0579
0.1132
0.8358
0.8876
0.8936
0.8663
0.7847
0.8083
0.8538
0.8417
0.8926
0.8821
0.7715
0.7207
0.6855
0.0679
0.0530
0.0582
0.0760
0.1522
0.1998
0.1737
0.8505
0.7877
0.1542
0.1668
0.0903
0.0800
0.0846
0.0987
0.0940
0.0936
0.0955
0.0916
0.0882
0.0839
0.0982
0.1702
0.1891
0.1988
0.8545
0.1006
0.0862
0.1359
0.8735
0.8035
0.0801
0.0466
0.0302
0.0295
0.0433
0.0770
0.0800
0.9082
0.1121
0.2326
0.9524
0.9552
0.9373
0.9353
0.0453
0.0231
0.0205
0.0309
0.0470
0.0320
0.0377
0.0771
0.0723
0.0357
0.0400
0.0815
0.8891
0.8806
0.7818
0.1040
0.1139
0.0720
0.0599
0.0822
0.1878
0.2661
0.8411
0.1468
0.0931
0.0792
0.0676
0.0676
0.0824
0.1076
0.7119
0.7291
0.8055
0.7454
0.7795
0.6935
0.7141
0.8078
0.7889
0.1460
0.1714
0.1135
0.0906
0.1163
0.0888
0.1158
0.6527
0.7637
0.7348
0.7896
0.1540
0.1053
0.0914
0.1332
0.8767
0.2490
0.1031
0.0892
0.1189
0.8411
0.8113
0.8727
0.8375
0.8710
0.0895
0.0496
0.0409
0.0459
0.0513
0.0731
0.1536
0.1772
0.8447
0.1589
0.1150
0.0979
0.1374
0.7992
0.8371
0.7123
0.6386
0.1019
0.1042
0.1535
0.1372
0.6308
0.6703
0.1701
0.0900
0.0741
0.0977
0.0855
0.1323
0.2516
0.8649
0.7588
0.7865
0.8734
0.9004
0.2325
0.1757
0.0864
0.0529
0.0419
0.0543
0.1031
0.7707
0.8645
0.8716
0.7875
0.0979
0.0593
0.0587
0.0922
0.7953
0.8999
0.9195
0.8897
0.1028
0.0605
0.0682
0.1229
0.7529
0.8446
0.8379
0.6958
0.6661
0.2084
0.1570
0.2002
0.3879
0.8405
0.1826
0.1146
0.0948
0.0913
0.0793
0.0675
0.0643
0.0752
0.0960
0.1776
0.1667
0.0854
0.1022
0.8120
0.7959
0.8042
0.8779
0.8770
0.7907
0.6718
0.6239
0.0778
0.0735
0.0964
0.1212
0.1067
0.0664
0.0543
0.0558
0.0706
0.7343
0.1383
0.2562
0.9102
0.9152
0.2645
0.0923
0.0678
0.0653
0.0811
0.7632
0.7762
0.8540
0.9014
0.9142
0.3019
0.1868
0.0925
0.0427
0.0592
0.8450
0.9150
0.9353
0.3531
0.2975
0.9345
0.0847
0.0815
0.0618
0.0327
0.0224
0.0277
0.0214
0.0450
0.9219
0.9651
0.9558
0.9294
0.8955
0.0444
0.0262
0.0237
0.0254
0.0418
0.0440
0.0579
0.8763
0.1121
0.9111
0.1428
0.1486
0.8558
0.8921
0.9048
0.0679
0.0372
0.0329
0.0330
0.0334
0.0364
0.0656
0.0771
0.0653
0.1326
0.9253
0.9134
0.1427
0.1112
0.7475
0.7279
0.7127
0.0719
0.0531
0.0613
0.1237
0.3058
0.9255
0.8760
0.2079
0.1522
0.0707
0.0678
0.2028
0.8122
