0.7893
0.7318
0.2837
0.1816
0.1936
0.2063
0.2426
0.5367
0.2663
0.2484
0.2682
0.5187
0.2989
0.2694
0.2836
0.3586
0.4437
0.7383
0.7475
0.4727
0.4429
0.3864
0.3911
0.3168
0.2664
0.2918
0.3838
0.3782
0.2733
0.2650
0.3153
0.7452
0.4179
0.2510
0.2108
0.2179
0.6683
0.2398
0.1471
0.1355
0.1508
0.2039
0.8217
0.1954
0.1929
0.1708
0.2117
0.7457
0.7875
0.8705
0.8860
0.2645
0.1801
0.1101
0.1224
0.7921
0.8798
0.3559
0.2623
0.1659
0.1042
0.1504
0.8153
0.1230
0.0868
0.0874
0.1086
0.1257
0.1551
0.2103
0.5238
0.3295
0.3651
0.3009
0.2775
0.4944
0.2990
0.5105
0.2702
0.2490
0.2801
0.3929
0.7366
0.7391
0.5809
0.2480
0.2047
0.2063
0.2512
0.2886
0.2271
0.2377
0.3523
0.7795
0.8030
0.3772
0.2568
0.6027
0.5841
0.6041
0.1382
0.1070
0.1078
0.1078
0.1234
0.0665
0.0476
0.0441
0.0411
0.0479
0.0639
0.1503
0.8641
0.9083
0.9089
0.9195
0.9040
0.0929
0.0378
0.0280
0.0286
0.0400
0.0783
0.8881
0.9466
0.9558
0.9384
0.0785
0.0324
0.0262
0.0285
0.0370
0.0634
0.7591
0.8421
0.8952
0.8867
0.8281
0.8483
0.8039
0.7886
0.1081
0.0590
0.0596
0.0400
0.0336
0.0533
0.0638
0.1022
0.1669
0.9408
0.9290
0.9274
0.8645
0.0652
0.0424
0.0482
0.0374
0.0795
0.9490
0.9513
0.9629
0.9256
0.0395
0.0201
0.0178
0.0225
0.0599
0.9577
0.9644
0.1346
0.0579
0.0423
0.0324
0.0442
0.1528
0.9606
0.9551
0.0840
0.0368
0.0318
0.0282
0.0240
0.0273
0.0436
0.0926
0.8510
0.0541
0.0425
0.0447
0.0437
0.0392
0.0475
0.0850
0.8840
0.8708
0.1411
0.1312
0.0558
0.0432
0.0425
0.0478
0.0458
0.0485
0.0568
0.0749
0.0898
0.0996
0.1099
0.1652
0.1476
0.1287
0.1131
0.0630
0.0696
0.1267
0.8487
0.7756
0.1284
0.0860
0.0607
0.0640
0.6780
0.0796
0.0945
0.8527
0.1558
0.2845
0.9347
0.9419
0.9362
0.9272
0.0581
0.0310
0.0323
0.0590
0.9075
0.0837
0.0828
0.1319
0.1047
0.0402
0.0321
0.0402
0.0777
0.1493
0.7726
0.7478
0.1856
0.1302
0.1064
0.1621
0.1726
0.7655
0.7985
0.1427
0.0879
0.0741
0.0627
0.0626
0.0772
0.1029
0.7266
0.7404
0.8138
0.7552
0.7875
0.7024
0.7230
0.8135
0.7937
0.1438
0.1670
0.1092
0.0859
0.1098
0.0817
0.1058
0.6658
0.7721
0.7442
0.7999
0.1408
0.0944
0.0821
0.1221
0.8861
0.2365
0.0964
0.0836
0.1128
0.8528
0.8237
0.8838
0.8524
0.8827
0.0836
0.0448
0.0367
0.0413
0.0463
0.0662
0.1421
0.1618
0.8611
0.1428
0.1026
0.0872
0.1253
0.8189
0.8500
0.7347
0.6587
0.1018
0.1033
0.1545
0.1380
0.6548
0.6874
0.1694
0.0854
0.0686
0.0899
0.0773
0.1215
0.2384
0.8762
0.7766
0.8067
0.8874
0.9110
0.2171
0.1584
0.0765
0.0477
0.0390
0.0517
0.0999
0.7778
0.8630
0.8678
0.7862
0.0972
0.0566
0.0540
0.0843
0.8024
0.9080
0.9283
0.9065
0.1211
0.0676
0.0746
0.1351
0.7561
0.8409
0.8322
0.7034
0.6834
0.7458
0.6948
0.7330
0.8247
0.3942
0.1973
0.1385
0.1405
0.1603
0.5250
0.1846
0.1861
0.2323
0.3233
0.7075
0.6885
0.5853
0.5793
0.6415
0.6423
0.6602
0.7536
0.7880
0.7821
0.7387
0.7135
0.6161
0.5926
0.2645
0.2311
0.2168
0.2684
0.3348
0.2902
0.2724
0.3697
0.4598
0.7607
0.4252
0.3211
0.6026
0.5726
0.5479
0.5582
0.2887
0.3706
0.7421
0.7359
0.2635
0.2194
0.1166
0.0774
0.0894
0.7262
0.8646
0.9058
0.9114
0.9077
0.8984
0.8877
0.2322
0.1134
0.0634
0.0417
0.0435
0.0470
0.0757
0.8790
0.8541
0.8136
0.0707
0.0598
0.0854
0.0922
0.1603
0.2002
0.1836
0.7508
0.7081
0.7720
0.7245
0.6764
0.6410
0.6760
0.6985
0.2122
0.1897
0.2596
0.2523
0.2580
0.6665
0.2794
0.3210
0.2914
0.3900
0.4601
0.7080
0.2866
0.2057
0.1798
0.1718
0.1682
0.1696
0.1915
0.2714
0.6672
0.7583
0.7656
0.6923
0.6975
0.7082
0.6346
0.6688
0.7850
0.8115
