0.4128
0.2272
0.1940
0.2458
0.3153
0.3657
0.6273
0.3356
0.2881
0.2833
0.2849
0.3175
0.3460
0.3609
0.3652
0.3622
0.3572
0.3644
0.5569
0.5817
0.5784
0.3693
0.3379
0.5064
0.3545
0.5271
0.3527
0.3362
0.3048
0.3131
0.3035
0.2745
0.2707
0.2622
0.2798
0.3358
0.3923
0.4384
0.6564
0.5678
0.3282
0.3071
0.3279
0.3497
0.5268
0.5260
0.3378
0.2887
0.2635
0.2617
0.2699
0.2552
0.2513
0.2757
0.5086
0.3241
0.3150
0.3613
0.6104
0.6297
0.6023
0.5469
0.2609
0.2068
0.1761
0.1590
0.1454
0.1393
0.1437
0.1695
0.2342
0.2080
0.6181
0.6515
0.7067
0.7047
0.1941
0.1455
0.1170
0.1199
0.1483
0.2222
0.6485
0.6125
0.5928
0.2473
0.1862
0.1645
0.1614
0.1695
0.1924
0.5753
0.6029
0.2116
0.1931
0.6710
0.1561
0.1076
0.0917
0.0741
0.0708
0.0848
0.1161
0.7567
0.8338
0.1613
0.1276
0.2415
0.8486
0.9027
0.9123
0.8981
0.8102
0.1335
0.0875
0.1071
0.6991
0.7094
0.7286
0.1470
0.1564
0.1033
0.1176
0.2086
0.7172
0.6585
0.1291
0.1245
0.6623
0.1583
0.2066
0.7568
0.8354
0.1670
0.0914
0.0750
0.0799
0.1050
0.1754
0.6524
0.8088
0.8301
0.4071
0.2270
0.1802
0.1947
0.5557
0.6426
0.7807
0.7948
0.6978
0.2521
0.2485
0.7580
0.2771
0.1722
0.1427
0.1154
0.1067
0.1084
0.0942
0.0865
0.0923
0.1174
0.1790
0.1314
0.1356
0.6678
0.7006
0.7518
0.7816
0.7911
0.7774
0.7340
0.6712
0.6567
0.6680
0.6990
0.1820
0.1447
0.2232
0.8126
0.7854
0.7654
0.7507
0.7405
0.7236
0.6961
0.6715
0.7052
0.7970
0.7951
0.7934
0.7958
0.8089
0.1476
0.0702
0.0478
0.0403
0.0381
0.0387
0.0422
0.0520
0.0594
0.0853
0.8235
0.1584
0.2282
0.2426
0.8187
0.8012
0.8097
0.8244
0.8484
0.8262
0.8247
0.8390
0.7934
0.7643
0.7519
0.8109
0.7643
0.7192
0.7397
0.7424
0.7270
0.7600
0.7709
0.7649
0.8033
0.8165
0.8109
0.0933
0.0598
0.0380
0.0357
0.0346
0.0576
0.9002
0.9164
0.8813
0.0453
0.0373
0.0526
0.0374
0.0411
0.0207
0.0196
0.0230
0.0294
0.0643
0.9299
0.9168
0.9311
0.9196
0.9435
0.9521
0.9524
0.9279
0.0488
0.0306
0.0418
0.0391
0.0642
0.0485
0.0413
0.7107
0.0412
0.0417
0.0584
0.0360
0.0309
0.0392
0.0734
0.9247
0.0789
0.0423
0.0327
0.0336
0.0444
0.0775
0.8965
0.1450
0.1442
0.0756
0.0728
0.1168
0.1062
0.1529
0.8138
0.6762
0.1410
0.1089
0.1048
0.1286
0.2138
0.4356
0.8128
0.8111
0.8055
0.7952
0.7741
0.7180
0.2363
0.1523
0.1673
0.6579
0.7697
0.7606
0.6094
0.1691
0.1292
0.1229
0.1277
0.1402
0.1641
0.2086
0.5943
0.3693
0.3339
0.3466
0.2402
0.2249
0.2748
0.3921
0.6003
0.6024
0.2817
0.2359
0.2562
0.3407
0.5499
0.2941
0.3402
0.2847
0.3044
0.5851
0.5254
0.5283
0.5685
0.6578
0.6869
0.3656
0.2779
0.2461
0.5906
0.6276
0.7288
0.7717
0.7757
0.7578
0.4653
0.4610
0.4456
0.4027
0.2915
0.2878
0.2124
0.2202
0.3092
0.3237
0.4244
0.4237
0.3379
0.3577
0.2720
0.5662
0.3377
0.5640
0.2664
0.3355
0.2329
0.1634
0.1660
0.6842
0.1472
0.0973
0.0949
0.1339
0.0888
0.0874
0.7169
0.7920
0.8960
0.9148
0.2849
0.0748
0.0381
0.0368
0.0549
0.7853
0.8288
0.8829
0.9361
0.9453
0.9365
0.8728
0.7888
0.0543
0.0383
0.0347
0.0382
0.0470
0.0480
0.0527
0.0631
0.0613
0.0649
0.0747
0.1013
0.1718
0.3641
0.7785
0.7100
0.7315
0.7218
0.7289
0.4509
0.4467
0.4191
0.3610
0.4190
0.4351
0.4063
0.3166
0.3551
0.3497
0.4414
0.7174
0.6604
0.4452
0.4562
0.4158
0.2507
0.2114
0.2327
0.6026
0.1979
0.1575
0.1862
0.6522
0.7851
0.8309
0.8218
0.7613
0.3198
0.2699
0.3535
0.7646
0.8006
0.8099
0.8012
0.8232
0.8295
0.8138
0.7541
0.5925
0.1538
0.1292
0.1250
0.6261
0.2135
0.1444
0.1606
0.7831
0.6824
0.6464
0.6342
0.6411
0.6581
0.6835
0.6543
0.1213
0.1042
0.1248
0.6745
0.0945
0.0684
0.0869
0.6414
0.8179
0.8578
