0.8089
0.7794
0.3194
0.2193
0.2935
0.3014
0.2790
0.2743
0.5988
0.6341
0.6728
0.7131
0.7535
0.7013
0.6777
0.7410
0.2722
0.3243
0.2930
0.2184
0.2021
0.2754
0.5785
0.5941
0.4251
0.4131
0.4459
0.4408
0.3864
0.3196
0.2898
0.3336
0.4192
0.4249
0.3761
0.5621
0.3707
0.4064
0.4584
0.6632
0.5876
0.3731
0.3580
0.3725
0.5916
0.6601
0.4328
0.3504
0.3459
0.4078
0.3910
0.2822
0.2602
0.3197
0.6001
0.4612
0.4740
0.4640
0.6493
0.6284
0.4276
0.3847
0.2590
0.2460
0.3279
0.6027
0.5777
0.6066
0.6905
0.7606
0.6582
0.2038
0.1450
0.1443
0.1877
0.2473
0.5818
0.6609
0.3483
0.3526
0.2894
0.2465
0.2173
0.1981
0.1979
0.6695
0.6911
0.6522
0.1221
0.0816
0.0715
0.0819
0.1277
0.2011
0.7955
0.0929
0.0555
0.0607
0.1086
0.1125
0.0732
0.1108
0.8929
0.9003
0.8917
0.0799
0.0411
0.0417
0.0757
0.0982
0.1551
0.9040
0.1812
0.1042
0.0364
0.0326
0.0607
0.8773
0.9020
0.9307
0.8875
0.1222
0.0669
0.0888
0.8706
0.9111
0.9229
0.9108
0.8642
0.0759
0.0752
0.1490
0.9095
0.0349
0.0205
0.0200
0.0367
0.1063
0.9565
0.9343
0.0661
0.0348
0.0329
0.0300
0.0237
0.0223
0.0239
0.0281
0.0375
0.0437
0.0456
0.0657
0.1376
0.7619
0.7499
0.7399
0.7022
0.7183
0.6996
0.6525
0.6495
0.6749
0.6827
0.7313
0.7670
0.7844
0.7931
0.8029
0.8194
0.8925
0.2549
0.1665
0.0561
0.0421
0.0465
0.0751
0.7538
0.7673
0.7698
0.1705
0.2555
0.2844
0.2797
0.2453
0.2031
0.2610
0.8450
0.8626
0.8813
0.8489
0.7043
0.6319
0.1745
0.1897
0.2798
0.8832
0.9114
0.9121
0.8975
0.8631
0.2161
0.2419
0.2265
0.7921
0.6863
0.1328
0.1045
0.1236
0.2299
0.2769
0.1974
0.8078
0.2201
0.1143
0.1183
0.2106
0.7225
0.7005
0.6703
0.6850
0.6847
0.7688
0.2717
0.1758
0.0523
0.0333
0.0324
0.0413
0.0552
0.1052
0.8364
0.8169
0.8569
0.7886
0.8078
0.1125
0.0695
0.0506
0.0610
0.0806
0.8397
0.0635
0.0637
0.1256
0.1553
0.1321
0.8839
0.8682
0.8366
0.8316
0.8472
0.8470
0.8662
0.8563
0.0860
0.0613
0.0495
0.0496
0.0831
0.8161
0.8104
0.7971
0.8465
0.2247
0.1529
0.0771
0.0897
0.0890
0.7649
0.8025
0.8438
0.8726
0.8242
0.8366
0.8411
0.1658
0.0929
0.0828
0.0412
0.0344
0.0435
0.0555
0.0588
0.0493
0.0391
0.0450
0.0643
0.7653
0.0793
0.0826
0.0775
0.0686
0.0803
0.1194
0.6572
0.6410
0.6775
0.1347
0.0999
0.1078
0.6566
0.7248
0.7897
0.8240
0.8876
0.8700
0.1621
0.1086
0.1243
0.6135
0.6372
0.7086
0.7459
0.7507
0.7307
0.7084
0.7469
0.7870
0.8175
0.8381
0.7730
0.7178
0.7445
0.7805
0.8116
0.8325
0.7484
0.1114
0.0763
0.0850
0.1115
0.1552
0.2126
0.7624
0.7417
0.7584
0.8299
0.8793
0.8386
0.0888
0.0524
0.0317
0.0281
0.0225
0.0170
0.0187
0.0305
0.0257
0.0354
0.0335
0.1009
0.9656
0.9728
0.9763
0.9685
0.1169
0.0298
0.0190
0.0160
0.0150
0.0156
0.0246
0.0442
0.0517
0.0444
0.0841
0.1580
0.9097
0.9155
0.9110
0.9003
0.9093
0.8992
0.1465
0.0783
0.0772
0.0455
0.0429
0.0534
0.0865
0.1327
0.1527
0.6419
0.1435
0.1438
0.1784
0.2112
0.2016
0.1695
0.1767
0.2202
0.5609
0.5903
0.4320
0.4679
0.4475
0.3490
0.2289
0.2101
0.5329
0.2161
0.2306
0.2369
0.2393
0.3043
0.4514
0.5277
0.8327
0.8316
0.7862
0.6374
0.5824
0.2474
0.3329
0.3632
0.7691
0.7747
0.6888
0.6903
0.7073
0.7423
0.3598
0.2714
0.2137
0.2426
0.1424
0.0900
0.0844
0.1177
0.2574
0.8706
0.3076
0.8241
0.8375
0.8015
0.7674
0.7400
0.7148
0.6938
0.7358
0.7549
0.7405
0.1835
0.6818
0.1040
0.0794
0.0745
0.1006
0.2064
0.3107
0.7974
0.7362
0.7899
0.8406
0.8285
0.7417
0.6757
0.1415
0.1365
0.1536
0.1793
0.1172
0.7774
0.1248
0.0791
0.0817
0.0976
0.0622
0.0452
0.0436
0.0849
0.2297
0.9171
0.9072
0.8479
0.8419
0.8775
0.1257
0.1094
0.0673
0.0930
0.0964
0.0717
0.0604
0.0329
0.0338
0.0421
0.0832
0.1805
0.2292
0.1935
0.6754
0.6427
0.6265
0.6590
0.6984
0.7436
0.8404
0.8494
0.7954
0.1478
0.0830
0.0755
0.0812
0.1270
0.1238
0.1230
0.1317
0.0892
0.1229
0.8396
0.8298
0.8755
0.0848
0.0531
0.0530
0.0614
0.0996
0.0654
0.0440
0.0468
0.0744
0.1836
0.7873
0.8583
0.8615
0.8153
0.8438
0.8127
0.6749
0.1328
0.0915
0.0900
0.1291
0.1914
0.1543
0.1217
0.1076
0.7219
0.1473
0.8226
0.3357
0.9089
0.8625
0.1325
0.0631
0.0391
0.0480
0.0348
0.0421
0.0496
0.0287
0.0355
0.1132
0.9470
0.9667
0.9495
0.0544
0.0223
0.0157
0.0153
0.0146
0.0174
0.0281
0.0539
0.1155
0.1493
0.8779
0.7647
0.1625
0.8275
0.3276
0.9277
0.3196
0.2566
0.1477
0.0633
0.0393
0.0457
0.0843
0.2369
0.9010
0.2019
0.0933
0.0657
0.0512
0.0509
0.0696
0.0667
0.1042
0.2114
0.3260
0.9259
0.9138
0.1111
0.0844
0.0395
0.0333
0.0295
0.0352
0.0441
0.0853
0.8621
0.8565
0.9000
0.9300
0.9242
0.9214
0.1317
0.0503
0.0441
0.0294
0.0376
0.0328
0.0558
0.1139
0.8917
0.8110
0.1456
0.1408
0.8279
0.1372
0.0783
0.0647
0.0614
0.0629
0.0978
0.1022
0.1797
0.7579
0.7930
0.8484
0.8444
0.2548
0.1921
0.0823
0.0630
0.0701
0.0381
0.0298
0.0303
0.0311
0.0447
0.0608
0.0352
0.0361
0.0472
0.1190
0.1904
0.8931
0.8868
0.9067
0.9458
0.9480
0.1005
0.0404
0.0251
0.0312
0.0254
0.0351
0.0543
0.0490
0.0858
0.1041
0.8863
0.8281
0.8793
0.0927
0.0573
0.0388
0.0373
0.0440
0.0505
0.0709
0.0892
0.1188
0.9141
0.2064
0.0963
0.0917
0.0595
0.0500
0.0779
0.1480
0.9186
0.8326
0.0661
0.0513
0.0406
0.0320
0.0343
0.0361
0.0370
0.0572
0.0464
0.0509
0.9135
0.0841
0.0507
0.0620
0.0800
0.1666
0.9671
0.9756
0.9688
0.1338
0.0433
0.0227
0.0192
0.0314
0.8649
0.0411
0.0554
0.0389
0.0350
0.0593
0.0572
0.7925
0.7937
0.8360
0.1024
0.1343
0.1127
0.0692
0.0912
0.0866
0.0563
0.0695
0.0483
0.0402
0.0546
0.7506
0.1129
0.2431
0.3713
0.8911
0.8307
0.7895
0.7599
0.8149
0.7868
0.8365
0.8207
0.8694
0.8600
0.7959
0.1482
0.1321
0.8497
0.0738
0.0440
0.0385
0.0473
0.0601
0.0736
0.1349
0.0978
0.0789
0.7635
0.7605
0.0754
0.0784
0.0451
0.0422
0.0466
0.0756
0.9001
0.9288
0.9472
0.9407
0.0978
0.0357
0.0351
0.0952
0.9145
0.9454
0.9600
0.9482
0.0713
0.0303
0.0366
0.1217
0.9514
0.8927
0.0514
0.0609
0.0554
0.0424
0.0502
0.0937
0.9361
0.8994
0.0613
0.0624
0.0445
0.0428
0.0793
0.0746
0.0343
0.0328
0.0504
0.8936
0.0819
0.0738
0.1054
0.0704
0.0799
0.8919
0.1304
0.1906
0.9204
0.8821
0.9034
0.1526
0.0519
0.0382
0.0462
0.0777
0.7428
0.7405
0.7626
0.7941
0.1410
0.0993
0.0986
0.3107
0.9233
0.9101
