0.8389
0.8724
0.8435
0.8025
0.8034
0.4826
0.3034
0.2436
0.2769
0.5594
0.5361
0.2810
0.2456
0.2338
0.2446
0.2774
0.3317
0.2658
0.2348
0.2418
0.2938
0.4136
0.7307
0.7346
0.4387
0.4248
0.3960
0.6357
0.3604
0.2940
0.3403
0.6935
0.7153
0.3112
0.2400
0.2227
0.5820
0.3251
0.5838
0.1874
0.1818
0.6473
0.7826
0.2426
0.1443
0.1354
0.0765
0.0632
0.0567
0.0688
0.1129
0.1258
0.7782
0.8287
0.8339
0.7832
0.1200
0.0838
0.0709
0.0861
0.1498
0.1840
0.7743
0.8329
0.8031
0.2102
0.1542
0.1966
0.6129
0.1419
0.1421
0.5538
0.2243
0.5836
0.2503
0.2921
0.2529
0.4955
0.5006
0.5130
0.5396
0.5662
0.6380
0.6409
0.7241
0.7999
0.7911
0.6687
0.2349
0.1764
0.1759
0.2202
0.2711
0.2305
0.2875
0.7868
0.8212
0.3725
0.2505
0.5915
0.5650
0.5728
0.1507
0.1156
0.0933
0.0952
0.1302
0.1688
0.0930
0.0663
0.0462
0.0389
0.0388
0.0487
0.0954
0.8704
0.8802
0.9142
0.9026
0.1047
0.0489
0.0446
0.0424
0.0431
0.0765
0.8621
0.9335
0.9455
0.9269
0.0971
0.0537
0.0596
0.0383
0.0398
0.0640
0.7419
0.8380
0.8979
0.8993
0.8697
0.8508
0.1247
0.0778
0.1012
0.7559
0.8574
0.8672
0.8624
0.7426
0.7042
0.0860
0.0576
0.0584
0.0967
0.1474
0.1034
0.7876
0.7836
0.8228
0.8867
0.8962
0.9353
0.9425
0.9262
0.0635
0.0305
0.0206
0.0220
0.0303
0.0554
0.7734
0.8619
0.8327
0.7828
0.7931
0.7683
0.0973
0.0797
0.1056
0.8629
0.1043
0.0743
0.0864
0.1129
0.8986
0.0819
0.0460
0.0426
0.0626
0.0976
0.0757
0.0655
0.1084
0.1240
0.8606
0.8003
0.1763
0.2020
0.6847
0.1040
0.1077
0.1508
0.2024
0.1182
0.0973
0.0984
0.0839
0.0743
0.0855
0.1515
0.1776
0.1960
0.8431
0.1055
0.0901
0.1383
0.8499
0.8052
0.1553
0.1272
0.0475
0.0330
0.0308
0.0277
0.0321
0.0564
0.8373
0.9074
0.9454
0.9455
0.9101
0.8440
0.7854
0.0469
0.0393
0.0371
0.0531
0.0347
0.0355
0.0564
0.0770
0.0432
0.0429
0.0657
0.7414
0.8143
0.7657
0.1541
0.1896
0.1105
0.0755
0.0814
0.1287
0.7735
0.8642
0.3473
0.1277
0.0757
0.0537
0.0529
0.0671
0.0934
0.7485
0.7554
0.8271
0.7718
0.8021
0.7204
0.7409
0.8246
0.8014
0.1367
0.1500
0.0987
0.0824
0.1137
0.0979
0.1396
0.6974
0.7670
0.7246
0.7823
0.1426
0.0926
0.0784
0.1146
0.8944
0.2306
0.0904
0.0763
0.1048
0.8785
0.8587
0.9092
0.8850
0.9055
0.0729
0.0370
0.0300
0.0347
0.0406
0.0604
0.1366
0.1597
0.8651
0.1469
0.1016
0.0828
0.1180
0.8347
0.8697
0.7709
0.6951
0.1035
0.1023
0.1517
0.1395
0.6325
0.6456
0.7294
0.1849
0.1643
0.2150
0.1580
0.1548
0.1488
0.5200
0.1930
0.2655
0.7135
0.7564
0.7386
0.7351
0.6607
0.1653
0.1013
0.1025
0.1901
0.8012
0.8802
0.8995
0.1484
0.0488
0.0330
0.0351
0.0615
0.8592
0.9393
0.9489
0.9260
0.0861
0.0442
0.0436
0.0685
0.1154
0.8708
0.1772
0.1127
0.1101
0.1614
0.1233
0.1366
0.1997
0.7435
0.2865
0.1822
0.1481
0.1427
0.1495
0.1723
0.5317
0.5349
0.1860
0.1645
0.1459
0.1620
0.1665
0.2527
0.2877
0.2307
0.3368
0.8078
0.6452
0.6020
0.1481
0.1301
0.1418
0.1499
0.1565
0.5428
0.5794
0.6905
0.6793
0.6623
0.6658
0.7615
0.8445
0.8511
0.8115
0.1617
0.1122
0.1418
0.1422
0.7517
0.7830
0.8321
0.8664
0.8538
0.1254
0.0832
0.0648
0.0576
0.0748
0.7170
0.8103
0.1901
0.8425
0.9187
0.1721
0.0412
0.0216
0.0178
0.0200
0.0315
0.0301
0.0459
0.0761
0.0710
0.0701
0.9200
0.9448
0.9594
0.9603
0.9546
0.9527
0.8901
0.0483
0.0339
0.0232
0.0162
0.0153
0.0178
0.0202
0.0289
0.0418
0.0601
0.0877
0.7934
0.8318
0.1836
0.7403
0.7747
0.8359
0.8623
0.1110
0.0861
0.1309
0.1530
0.1297
0.8595
0.1571
0.2290
0.2906
0.9029
0.9175
0.2415
0.0986
0.1214
0.8975
0.8241
0.7789
0.7320
0.0751
0.0869
0.2160
0.9358
0.9390
0.8883
0.0997
0.0549
0.0322
0.0264
0.0274
0.0369
0.1388
0.8344
