0.3459
0.1215
0.0617
0.0522
0.0592
0.0611
0.0706
0.0761
0.0933
0.8350
0.3307
0.4285
0.8797
0.8547
0.7685
0.7621
0.8275
0.8196
0.2232
0.2632
0.9097
0.2337
0.2122
0.1117
0.0428
0.0333
0.0380
0.0566
0.1097
0.2352
0.8098
0.7794
0.3317
0.2340
0.1775
0.1760
0.5720
0.1711
0.1771
0.2253
0.8554
0.3605
0.1652
0.0947
0.1022
0.0843
0.1169
0.2323
0.8844
0.8718
0.7884
0.7918
0.6811
0.6616
0.0988
0.0903
0.1093
0.2482
0.9273
0.2140
0.1243
0.0453
0.0362
0.0451
0.6879
0.0645
0.0790
0.0611
0.0813
0.1142
0.0935
0.8411
0.8210
0.0986
0.0861
0.1359
0.8803
0.0510
0.0261
0.0196
0.0167
0.0214
0.0530
0.2413
0.9691
0.9446
0.8874
0.0537
0.0421
0.0207
0.0223
0.0438
0.0682
0.1270
0.9387
0.0935
0.0776
0.1532
0.8595
0.8133
0.7731
0.1398
0.1434
0.6493
0.6607
0.7338
0.7955
0.8432
0.8792
0.3129
0.1710
0.1021
0.0787
0.6568
0.0868
0.0865
0.7019
0.1136
0.1334
0.1892
0.7459
0.7675
0.8228
0.1695
0.1336
0.2358
0.3292
0.8745
0.7200
0.6910
0.0827
0.0865
0.0637
0.0787
0.1104
0.1460
0.0835
0.0527
0.0537
0.0697
0.5641
0.1266
0.1750
0.3300
0.3869
0.2558
0.2075
0.2330
0.2797
0.3371
0.3907
0.3373
0.6597
0.7206
0.6899
0.7498
0.7301
0.7327
0.7579
0.7960
0.7653
0.7535
0.7619
0.7808
0.7096
0.7397
0.7934
0.8493
0.8931
0.8990
0.8857
0.2085
0.0903
0.0546
0.0550
0.0816
0.1434
0.2458
0.8762
0.0960
0.0490
0.0456
0.0721
0.7820
0.8395
0.9133
0.9296
0.9304
0.9220
0.8880
0.8282
0.0565
0.0446
0.0622
0.1531
0.9041
0.0698
0.0354
0.0277
0.0334
0.0618
0.1377
0.2024
0.2295
0.2400
0.3277
0.3692
0.3354
0.2417
0.2700
0.6146
0.2968
0.3003
0.3750
0.4023
0.7659
0.4662
0.3844
0.3544
0.2467
0.2245
0.2544
0.3517
0.4441
0.4363
0.3295
0.3115
0.2440
0.2605
0.3088
0.3845
0.4797
0.7954
0.8033
0.7752
0.7709
0.7908
0.7764
0.7213
0.7486
0.7993
0.8124
0.8392
0.8420
0.8638
0.3409
0.2258
0.1527
0.1457
0.1333
0.1596
0.1731
0.1731
0.8553
0.0719
0.0709
0.1162
0.9161
0.1702
0.1116
0.1171
0.1322
0.1670
0.9090
0.8629
0.8883
0.9040
0.8151
0.0571
0.0532
0.0713
0.1234
0.1388
0.9328
0.0674
0.0553
0.0300
0.0299
0.0308
0.0311
0.0326
0.0505
0.0914
0.1119
0.1524
0.8860
0.1635
0.1098
0.0840
0.0747
0.0712
0.0719
0.0778
0.0897
0.1066
0.0797
0.1162
0.8011
0.7921
0.7788
0.7340
0.6845
0.1094
0.1037
0.7134
0.0590
0.0408
0.0354
0.0393
0.0592
0.7751
0.8514
0.2555
0.2508
0.1570
0.0786
0.0584
0.7591
0.0451
0.0412
0.0653
0.0735
0.0568
0.0547
0.0341
0.0289
0.0454
0.8838
0.9366
0.9163
0.9225
0.9342
0.9479
0.9455
0.9231
0.9223
0.0829
0.0793
0.0528
0.0232
0.0139
0.0150
0.0195
0.0314
0.0873
0.9000
0.8872
0.8758
0.1146
0.0537
0.0525
0.0747
0.1455
0.8968
0.8999
0.3099
0.9032
0.8764
0.0992
0.0655
0.0588
0.0912
0.8769
0.2556
0.2067
0.8803
0.8809
0.9013
0.8892
0.1791
0.1051
0.0868
0.0980
0.0887
0.0648
0.0921
0.1093
0.1061
0.0936
0.1667
0.9169
0.2254
0.2534
0.2582
0.2450
0.1947
0.2539
0.7712
0.6237
0.2028
0.2287
0.2666
0.2862
0.1859
0.1786
0.2463
0.6950
0.7339
0.7813
0.7620
0.6699
0.6809
0.1986
0.1701
0.7274
0.1634
0.1501
0.1677
0.1149
0.0876
0.0877
0.1528
0.8827
0.2235
0.2883
0.9118
0.1203
0.0725
0.1004
0.1292
0.8869
0.8625
0.8545
0.8478
0.8441
0.8368
0.8754
0.7909
0.0685
0.0541
0.0535
0.0864
0.8708
0.1455
0.1015
0.7629
0.0755
0.0540
0.0590
0.1148
0.1433
0.8184
0.1693
0.0982
0.1046
0.1952
0.8327
0.8399
0.2100
0.1105
0.0754
0.0649
0.0949
0.0906
0.0977
0.1306
0.1272
0.8591
0.8946
0.8834
0.9164
0.9059
0.1145
0.0968
0.1125
0.1057
0.0783
0.0806
0.1565
0.2524
0.3136
0.7600
0.7603
0.7027
0.6437
0.5844
0.5841
0.2537
0.2213
0.2361
0.5609
0.2550
0.2456
0.2423
0.3276
0.7280
0.7537
0.7011
0.7238
0.6935
0.7500
0.8176
0.8285
0.8403
0.8086
0.8275
0.8235
0.8681
0.8606
