0.8225
0.8444
0.8149
0.7172
0.6973
0.7651
0.7531
0.7469
0.8040
0.7676
0.6103
0.2754
0.2688
0.3552
0.6864
0.2779
0.2014
0.1756
0.1879
0.2463
0.6429
0.5814
0.2208
0.2062
0.6092
0.7475
0.8383
0.8425
0.7834
0.8002
0.7476
0.7895
0.7075
0.1558
0.2032
0.8482
0.8557
0.1655
0.1071
0.0859
0.0971
0.1365
0.5214
0.5351
0.2126
0.2097
0.2692
0.6084
0.3471
0.3293
0.3550
0.2651
0.2181
0.2080
0.2264
0.2832
0.3394
0.3010
0.3624
0.7227
0.7728
0.7391
0.6987
0.2970
0.2171
0.2016
0.1856
0.1900
0.2221
0.5467
0.5636
0.5786
0.6206
0.3321
0.2253
0.1970
0.5068
0.2051
0.1797
0.1871
0.2442
0.7354
0.2522
0.1517
0.1164
0.1020
0.0952
0.0809
0.0790
0.0994
0.1905
0.3925
0.8654
0.7430
0.6716
0.6769
0.7055
0.2071
0.2113
0.1221
0.0886
0.1194
0.2677
0.8424
0.2139
0.1574
0.1691
0.1898
0.5532
0.2315
0.1981
0.1938
0.2278
0.3258
0.3092
0.2705
0.7205
0.1740
0.1098
0.1109
0.1921
0.8292
0.8757
0.8509
0.8207
0.6691
0.6055
0.0968
0.0644
0.0567
0.0659
0.1146
0.8275
0.9159
0.9322
0.9100
0.1070
0.0433
0.0348
0.0438
0.0882
0.8091
0.8452
0.8709
0.8947
0.8811
0.7943
0.6320
0.0813
0.0656
0.0795
0.1539
0.8333
0.8478
0.8346
0.6631
0.1074
0.0783
0.0801
0.1090
0.1879
0.7764
0.0910
0.0582
0.0484
0.0471
0.0550
0.0845
0.7910
0.8504
0.9179
0.8918
0.0800
0.0388
0.0309
0.0347
0.0530
0.1150
0.9028
0.1105
0.0520
0.0444
0.0658
0.1725
0.8842
0.8968
0.8659
0.2170
0.1632
0.6537
0.6262
0.6268
0.6133
0.1095
0.1041
0.6353
0.1229
0.1698
0.1181
0.0834
0.0843
0.1102
0.1849
0.7076
0.6649
0.2066
0.1556
0.1505
0.1842
0.2874
0.2486
0.1845
0.5775
0.1592
0.1330
0.1097
0.1080
0.1293
0.2114
0.2368
0.2593
0.8024
0.1501
0.1220
0.1889
0.8219
0.7633
0.1725
0.1134
0.0817
0.0889
0.6491
0.0857
0.0710
0.1014
0.7740
0.8740
0.9203
0.9132
0.8289
0.7681
0.7368
0.0789
0.0653
0.0941
0.8866
0.1039
0.0894
0.1393
0.1151
0.0491
0.0449
0.0693
0.7217
0.8083
0.7623
0.1438
0.1659
0.0922
0.0621
0.0689
0.1110
0.7470
0.8181
0.1475
0.0821
0.0659
0.0686
0.0859
0.6793
0.1287
0.1555
0.7330
0.8053
0.7559
0.7914
0.7069
0.7327
0.8279
0.7835
0.1332
0.1166
0.7343
0.0811
0.0610
0.0561
0.0707
0.1244
0.8301
0.7986
0.8500
0.1332
0.0793
0.0586
0.0692
0.1219
0.8729
0.1193
0.1008
0.1262
0.8589
0.8284
0.8861
0.8541
0.8813
0.0792
0.0445
0.0418
0.0623
0.0493
0.0595
0.1190
0.1332
0.8755
0.1291
0.0938
0.0810
0.1200
0.8344
0.8631
0.7566
0.6782
0.1002
0.0966
0.1414
0.1329
0.6375
0.6664
0.7588
0.6892
0.6953
0.7594
0.6868
0.6923
0.6899
0.7503
0.7045
0.7495
0.8510
0.8750
0.8558
0.8566
0.8008
0.1192
0.0633
0.0606
0.1017
0.8438
0.9170
0.9342
0.1236
0.0370
0.0246
0.0271
0.0473
0.8398
0.9013
0.9487
0.9412
0.0713
0.0335
0.0312
0.0503
0.0990
0.9311
0.2082
0.0798
0.0592
0.0802
0.0553
0.0611
0.0938
0.2053
0.1807
0.1213
0.1081
0.1080
0.1109
0.1127
0.1163
0.1213
0.1334
0.1157
0.1147
0.1556
0.1393
0.6592
0.7732
0.7634
0.7576
0.1998
0.0740
0.0432
0.0358
0.0369
0.0476
0.0924
0.9088
0.9320
0.8567
0.0566
0.0337
0.0296
0.0366
0.0483
0.0719
0.1818
0.9106
0.9029
0.8771
0.1671
0.1168
0.1039
0.1327
0.7290
0.2052
0.1747
0.1115
0.0632
0.0465
0.0402
0.0388
0.0438
0.0698
0.7944
0.8825
0.8956
0.8617
0.8955
0.9049
0.9024
0.9180
0.9111
0.0758
0.0345
0.0268
0.0289
0.0408
0.0803
0.8593
0.8610
0.8772
0.8738
0.1590
0.0550
0.0349
0.0356
0.0494
0.0989
0.7861
0.8609
0.7980
0.6800
0.6346
0.6212
0.6316
0.6817
0.7797
0.8208
0.1388
0.0706
0.0516
0.0505
0.0614
0.0984
0.2288
0.3728
0.4359
0.7553
0.7222
0.3956
0.3103
0.3339
0.6390
0.5772
0.5237
0.5004
0.2532
0.2763
0.3864
0.4657
0.7137
0.3887
0.5766
0.2557
0.2177
0.2074
0.2198
0.2161
0.2489
0.5513
0.6059
0.5696
0.5780
0.6327
0.5954
0.6333
0.7486
0.8055
0.8168
