0.8097
0.7739
0.2815
0.1559
0.1662
0.2288
0.6626
0.7311
0.8133
0.8127
0.7388
0.3249
0.2537
0.4954
0.5114
0.5469
0.6092
0.5789
0.5895
0.6525
0.5715
0.2156
0.2226
0.5380
0.5931
0.6306
0.3061
0.3190
0.2289
0.2114
0.2225
0.2311
0.2621
0.5004
0.3093
0.2712
0.2556
0.2605
0.2480
0.2524
0.2781
0.3350
0.4188
0.6006
0.5514
0.5282
0.5182
0.3090
0.2798
0.2814
0.2869
0.3307
0.5816
0.3297
0.2773
0.2703
0.2707
0.3197
0.6355
0.3007
0.2069
0.1694
0.1608
0.1710
0.2049
0.1469
0.1247
0.1436
0.1876
0.3179
0.3138
0.1908
0.6033
0.6107
0.6381
0.6925
0.7923
0.8023
0.8597
0.8432
0.1664
0.1206
0.1161
0.1306
0.1952
0.6384
0.1485
0.1414
0.1866
0.5815
0.6165
0.2109
0.1485
0.1226
0.1163
0.1255
0.1624
0.7741
0.1619
0.0982
0.0886
0.1122
0.7481
0.2066
0.1012
0.0717
0.0717
0.1006
0.7672
0.2297
0.1292
0.1267
0.7069
0.7506
0.8170
0.7550
0.7529
0.8080
0.8338
0.7124
0.0853
0.0683
0.1103
0.9080
0.2003
0.0646
0.0533
0.0914
0.8666
0.9122
0.0739
0.0354
0.0293
0.0415
0.0966
0.9440
0.9418
0.1177
0.1116
0.8802
0.2298
0.9380
0.9129
0.8730
0.8615
0.1688
0.8780
0.1894
0.1725
0.9163
0.9385
0.0832
0.0520
0.0217
0.0224
0.0506
0.9543
0.1300
0.0341
0.0222
0.0222
0.0196
0.0195
0.0206
0.0229
0.0267
0.0328
0.0307
0.0314
0.0358
0.0483
0.0722
0.7925
0.0694
0.0596
0.0673
0.1050
0.8623
0.1216
0.0815
0.0726
0.0854
0.0985
0.1423
0.6182
0.6666
0.7589
0.6901
0.2528
0.2658
0.1455
0.1094
0.1045
0.1291
0.1705
0.7841
0.7074
0.7093
0.7966
0.8408
0.1272
0.0725
0.0611
0.0670
0.0845
0.1200
0.1742
0.5777
0.6708
0.5997
0.2587
0.1980
0.1891
0.2213
0.2527
0.2693
0.3373
0.5783
0.5480
0.5408
0.2017
0.2043
0.3098
0.7832
0.6757
0.6117
0.5991
0.6136
0.6563
0.2343
0.1589
0.1889
0.7862
0.7749
0.8299
0.2418
0.1880
0.2613
0.2557
0.1742
0.1996
0.3076
0.5742
0.3369
0.3664
0.3071
0.3089
0.3709
0.5747
0.5839
0.5750
0.2992
0.2853
0.2963
0.3339
0.4357
0.7628
0.7014
0.3621
0.2042
0.1560
0.1471
0.1604
0.2035
0.3097
0.2503
0.1567
0.1256
0.1191
0.1293
0.1702
0.8102
0.1544
0.0878
0.0719
0.0779
0.1124
0.1444
0.0809
0.0662
0.0888
0.7218
0.1582
0.8642
0.1014
0.0674
0.0788
0.0546
0.0571
0.0338
0.0402
0.1049
0.9040
0.9330
0.9524
0.0979
0.0397
0.0329
0.0314
0.0308
0.0412
0.0598
0.1049
0.9061
0.8914
0.1708
0.7663
0.1387
0.0975
0.1155
0.8358
0.1259
0.0753
0.0774
0.1396
0.8033
0.8389
0.7689
0.7886
0.8341
0.8200
0.8787
0.8822
0.8305
0.8458
0.1207
0.0763
0.0662
0.0712
0.0855
0.1136
0.1724
0.5292
0.5676
0.6169
0.5577
0.5417
0.5680
0.6046
0.7098
0.7086
0.3582
0.3119
0.2875
0.2898
0.5478
0.3688
0.2679
0.2221
0.2164
0.2401
0.3135
0.6239
0.6301
0.6566
0.3602
0.3001
0.2518
0.2427
0.2283
0.2421
0.2935
0.3773
0.6914
0.4592
0.3838
0.3577
0.2848
0.3136
0.6520
0.3286
0.2221
0.1907
0.2050
0.1445
0.1362
0.1912
0.7049
0.8302
0.8257
0.6518
0.1427
0.1211
0.1763
0.7096
0.2575
0.1868
0.1920
0.2891
0.5517
0.5789
0.5949
0.6093
0.6833
0.6694
0.3732
0.5499
0.5848
0.3418
0.3411
0.5886
0.2966
0.2406
0.2418
0.3069
0.4309
0.7220
0.4339
0.4412
0.6280
0.5615
0.2524
0.2076
0.1573
0.1295
0.1174
0.1271
0.1891
0.7583
0.7932
0.8434
0.8174
0.1667
0.0958
0.0933
0.1174
0.6881
0.7860
0.1971
0.2009
0.3031
0.8281
0.8711
0.8670
0.7981
0.2092
0.2271
0.2548
0.8925
0.8871
0.1935
0.1377
0.0771
0.0997
0.6778
0.8000
0.8073
0.8620
0.8464
0.1440
0.0791
0.0836
0.1218
0.7988
0.8528
0.8190
0.8555
0.8231
0.1582
0.1749
0.0964
0.0588
0.0545
0.0546
0.0683
0.1166
0.8351
0.8262
0.8687
0.8359
0.6985
0.6828
0.7723
0.1875
0.2486
0.2557
0.2408
0.8809
0.8594
0.1365
0.0967
0.6571
0.1821
0.8359
0.8109
0.8129
0.8700
0.8543
0.1739
0.6908
0.1272
0.1919
0.8739
0.8644
0.1259
0.0908
0.0947
0.1529
0.8672
0.8745
0.8371
0.8691
0.8046
0.6868
0.0771
0.0578
0.0645
0.1137
0.8164
0.8179
0.8761
0.8652
0.8100
0.2331
0.1185
0.0812
0.1023
0.8204
0.7581
0.1060
0.1239
0.0651
0.0381
0.0350
0.0451
0.0829
0.0714
0.7908
0.0856
0.1177
0.8416
0.8559
0.9121
0.0943
0.0518
0.0440
0.0420
0.0663
0.8446
0.8611
0.8777
0.9094
0.8725
0.8720
0.9084
0.8917
0.9106
0.9148
0.0667
0.0368
0.0398
0.0340
0.0647
0.8913
0.8921
0.9253
0.2931
0.1949
0.9107
0.0718
0.0446
0.0313
0.0331
0.0499
0.1136
0.1097
0.0924
0.7813
0.7579
0.0971
0.0985
0.1549
0.1074
0.0590
0.0479
0.0500
0.0617
0.0910
0.1696
0.1545
0.1770
0.1780
0.5861
0.2367
0.2159
0.2192
0.2566
0.2616
0.5338
0.2862
0.3171
0.5808
0.6509
0.4444
0.7125
0.6860
0.6054
0.5904
0.6309
0.6079
0.6318
0.6409
0.3230
0.2683
0.2777
0.2818
0.3218
0.5651
0.3280
0.3781
0.3173
0.3114
0.5768
0.3960
0.3737
0.3872
0.2685
0.2178
0.1989
0.1957
0.2000
0.2146
0.2493
0.2715
0.3414
0.3071
0.3615
0.6672
0.6427
0.5581
0.2618
0.2953
0.2126
0.1505
0.1503
0.2216
0.7378
0.7316
0.6249
0.6075
0.6710
0.6666
0.7285
0.6997
0.5684
0.5155
0.1822
0.1699
0.2044
0.3179
0.3399
0.3590
0.6577
0.6064
0.3955
0.3168
0.2302
0.2136
0.2291
0.2268
0.2503
0.2998
0.5317
0.5155
0.2876
0.2634
0.2840
0.3647
0.3400
0.5729
0.3090
0.2625
0.2579
0.3176
0.3724
0.6364
0.5557
0.2755
0.2287
0.2122
0.2079
0.2044
0.2036
0.2041
0.2113
0.2441
0.3233
0.6518
0.3935
0.3703
0.3945
0.3172
0.2933
0.5341
0.2730
0.2308
0.2102
0.2187
0.2641
0.3720
0.3652
0.5472
0.5431
0.5925
0.3368
0.3260
0.5983
0.2814
0.2482
0.2808
0.5628
0.6232
0.7024
0.7004
0.7607
0.7512
0.6824
0.7361
0.8256
0.8414
