0.8414
0.8567
0.7788
0.7349
0.7951
0.8570
0.8517
0.7944
0.8294
0.8731
0.8704
0.8174
0.2956
0.5539
0.1874
0.2152
0.6692
0.6042
0.6162
0.2547
0.1555
0.1361
0.1644
0.6420
0.7226
0.2252
0.1784
0.1935
0.0969
0.0643
0.0514
0.0462
0.0450
0.0482
0.0582
0.0654
0.1022
0.8698
0.8738
0.8690
0.1028
0.0942
0.1457
0.0879
0.0470
0.0379
0.0387
0.0361
0.0381
0.0456
0.0507
0.0667
0.1068
0.0939
0.1102
0.1692
0.5795
0.6131
0.6770
0.3000
0.2558
0.4840
0.2972
0.5221
0.3636
0.3303
0.5185
0.3578
0.3973
0.7084
0.4524
0.3194
0.2340
0.2206
0.2458
0.3192
0.6243
0.4274
0.4637
0.6635
0.3708
0.3390
0.3278
0.3295
0.3656
0.3268
0.5086
0.3184
0.3270
0.3385
0.3748
0.2959
0.2547
0.2405
0.2461
0.2722
0.3349
0.5935
0.5463
0.3139
0.2740
0.2783
0.3304
0.5831
0.3338
0.2731
0.2599
0.2989
0.5501
0.6229
0.5619
0.3173
0.2878
0.3247
0.6068
0.5877
0.5947
0.6459
0.6733
0.5601
0.2478
0.2436
0.3270
0.6554
0.6626
0.3649
0.3170
0.3302
0.3624
0.5976
0.5512
0.5272
0.5208
0.3562
0.3716
0.4248
0.4198
0.3424
0.3223
0.3241
0.3384
0.3951
0.3518
0.2980
0.3119
0.5420
0.5780
0.6411
0.6009
0.3304
0.3505
0.2682
0.2461
0.1474
0.1313
0.1789
0.3705
0.8267
0.7287
0.6611
0.1593
0.1116
0.1029
0.1161
0.1456
0.1652
0.1998
0.2357
0.4999
0.5148
0.5184
0.3231
0.2748
0.2476
0.2470
0.2654
0.3112
0.3759
0.3320
0.3254
0.5266
0.5347
0.3155
0.2901
0.3088
0.3514
0.6296
0.3694
0.3551
0.6469
0.2807
0.1973
0.1718
0.1843
0.1980
0.2651
0.6531
0.2368
0.3028
0.8129
0.7156
0.1177
0.0737
0.0619
0.0613
0.0700
0.0800
0.1296
0.8564
0.8073
0.1168
0.0637
0.0556
0.0688
0.0871
0.1077
0.1974
0.7854
0.7467
0.7301
0.1189
0.1176
0.2504
0.9030
0.8395
0.8038
0.8001
0.8110
0.8299
0.1829
0.1056
0.1475
0.9183
0.9064
0.9307
0.1075
0.0601
0.0752
0.0578
0.0263
0.0249
0.0362
0.0279
0.0327
0.0563
0.0530
0.0744
0.8506
0.1383
0.1604
0.7223
0.6747
0.7176
0.7445
0.7769
0.8609
0.8642
0.7884
0.7984
0.6593
0.0795
0.0615
0.0700
0.1253
0.8947
0.8561
0.0804
0.0489
0.0431
0.0510
0.0784
0.9030
0.0631
0.0352
0.0287
0.0332
0.0563
0.0869
0.0448
0.0393
0.0568
0.8454
0.1067
0.9327
0.0564
0.0380
0.0469
0.0308
0.0350
0.0200
0.0263
0.0875
0.9367
0.9571
0.9650
0.0835
0.0323
0.0253
0.0218
0.0190
0.0241
0.0378
0.0792
0.9365
0.9309
0.1489
0.8234
0.1182
0.0827
0.0997
0.8614
0.1091
0.0595
0.0574
0.1041
0.8466
0.8642
0.8013
0.8153
0.8481
0.8326
0.8822
0.8906
0.8540
0.8665
0.0941
0.0537
0.0427
0.0410
0.0435
0.0522
0.0756
0.7423
0.7625
0.8133
0.1151
0.0760
0.0840
0.1259
0.8774
0.2902
0.1522
0.7659
0.1376
0.1189
0.7510
0.1633
0.0847
0.0619
0.0623
0.0793
0.1255
0.7961
0.2706
0.3174
0.1847
0.1675
0.5395
0.5338
0.1688
0.1611
0.2138
0.6448
0.7609
0.7678
0.1813
0.1120
0.5811
0.1111
0.1490
0.0981
0.0599
0.0539
0.0697
0.0453
0.0489
0.0908
0.8666
0.9227
0.9151
0.7910
0.0686
0.0591
0.0892
0.8639
0.1240
0.0817
0.0871
0.1581
0.7142
0.7152
0.2073
0.2425
0.8414
0.8194
0.1520
0.1174
0.1272
0.0800
0.0802
0.1270
0.0947
0.0841
0.7368
0.8083
0.9065
0.9238
0.2050
0.1851
0.0876
0.0525
0.0499
0.0579
0.0552
0.0566
0.0629
0.0789
0.1210
0.2620
0.7594
0.8086
0.7919
0.1531
0.0916
0.0872
0.0989
0.6672
0.7820
0.1743
0.1960
0.2895
0.8488
0.8813
0.8751
0.8085
0.2063
0.2569
0.2704
0.8840
0.8645
0.2355
0.2167
0.1308
0.1535
0.6534
0.7497
0.7625
0.8256
0.8106
0.1610
0.0900
0.0900
0.1203
0.7906
0.8478
0.8168
0.8513
0.8102
0.1821
0.2266
0.1333
0.0830
0.0658
0.0585
0.0671
0.1110
0.8387
0.8381
0.8857
0.8621
0.7476
0.7387
0.8124
0.8104
0.8713
0.8767
0.8435
0.8745
0.8433
0.1427
0.0966
0.1057
0.1741
0.7173
0.6880
0.6734
0.7335
0.3404
0.1754
0.1457
0.1749
0.2244
0.3591
0.3712
0.2569
0.2428
0.2544
0.2956
0.4256
0.7300
0.6630
0.7004
0.6149
0.5345
0.1917
0.1651
0.1745
0.2427
0.6668
0.6991
0.7907
0.7964
0.7247
0.7419
0.6487
0.5790
0.5783
0.6559
0.1902
0.1704
0.7344
0.1137
0.0671
0.0567
0.0673
0.1091
0.0825
0.0923
0.7103
0.7407
0.7429
0.7724
0.8470
0.1301
0.0892
0.0885
0.0906
0.6574
0.0932
0.0963
0.1251
0.7812
0.1984
0.2344
0.7838
0.7257
0.7757
0.7974
0.6980
0.1287
0.1213
0.0711
0.0747
0.1376
0.1902
0.9116
0.9123
0.1963
0.1707
0.0834
0.7490
0.0512
0.0447
0.0570
0.1221
0.1019
0.0898
0.8446
0.8347
0.8503
0.0971
0.1297
0.0728
0.0434
0.0460
0.0706
0.7520
0.7583
0.7720
0.0900
0.0683
0.0505
0.0484
0.0540
0.0529
0.0608
0.0828
0.1038
0.6590
0.6370
0.6660
0.1692
0.2377
0.2376
0.3868
0.8732
0.7717
0.7627
0.8253
0.7917
0.8305
0.8483
0.7391
0.6872
0.1362
0.1117
0.1267
0.1580
0.7137
0.7704
0.7065
0.1193
0.1021
0.1474
0.1120
0.1207
0.0511
0.0366
0.0345
0.0404
0.0556
0.8004
0.0832
0.0714
0.0999
0.8391
0.8691
0.9242
0.9241
0.1303
0.1074
0.9078
0.0494
0.0313
0.0363
0.1019
0.9429
0.9416
0.8835
0.8684
0.9089
0.9055
0.9362
0.9316
0.1433
0.7880
0.0396
0.0358
0.0555
0.8904
0.0642
0.0525
0.0810
0.0860
0.1566
0.8837
0.0597
0.0418
0.0419
0.0428
0.0543
0.0790
0.7616
0.0939
0.0864
0.0863
0.1187
0.8091
0.1762
0.1652
0.1567
0.1538
0.6031
0.2619
0.3133
0.6875
0.3200
0.2914
0.5368
0.5183
0.2415
0.2108
0.2029
0.2159
0.2447
0.5502
0.3520
0.6526
0.3943
0.3743
0.4019
0.3346
0.5372
0.2676
0.2601
0.2276
0.2214
0.2472
0.3162
0.6231
0.3724
0.3468
0.5586
0.5912
0.5566
0.3538
0.5955
0.2728
0.2287
0.2374
0.2645
0.3652
0.6901
0.4080
0.4612
0.7115
0.3010
0.3411
0.7569
0.8142
