0.8383
0.8452
0.7320
0.6352
0.6315
0.6411
0.7170
0.3073
0.3451
0.8212
0.8038
0.6143
0.5367
0.1595
0.1784
0.5432
0.6356
0.5889
0.5904
0.6724
0.1989
0.1481
0.1401
0.1373
0.1632
0.1870
0.1959
0.2491
0.1572
0.1275
0.1318
0.6287
0.1362
0.1131
0.1248
0.1451
0.7262
0.7637
0.1157
0.0727
0.0674
0.0909
0.1799
0.2025
0.8006
0.7952
0.8151
0.7790
0.1079
0.0857
0.0845
0.1266
0.8409
0.1581
0.1427
0.7211
0.7120
0.1536
0.1669
0.0991
0.0931
0.6065
0.1218
0.1538
0.7910
0.7148
0.1162
0.1046
0.1285
0.2545
0.2517
0.1256
0.0993
0.1105
0.1491
0.2320
0.3605
0.3996
0.7653
0.7595
0.3454
0.3047
0.6016
0.2946
0.3081
0.2178
0.2022
0.5473
0.2381
0.1956
0.1804
0.1489
0.1288
0.1174
0.1166
0.1289
0.1713
0.7853
0.1761
0.1081
0.0962
0.1183
0.7395
0.2031
0.0988
0.0695
0.0693
0.0982
0.7601
0.2260
0.1283
0.1265
0.7063
0.7517
0.8173
0.7554
0.7528
0.8073
0.8330
0.7115
0.0874
0.0696
0.1118
0.9064
0.2024
0.0657
0.0541
0.0919
0.8650
0.9121
0.0726
0.0343
0.0277
0.0370
0.0720
0.9474
0.1468
0.0521
0.0662
0.8915
0.2125
0.9503
0.9305
0.8971
0.8863
0.1451
0.8949
0.1115
0.0773
0.1184
0.9512
0.0573
0.0375
0.0175
0.0195
0.0459
0.9564
0.1265
0.0335
0.0220
0.0223
0.0199
0.0200
0.0213
0.0238
0.0277
0.0340
0.0321
0.0332
0.0383
0.0511
0.0753
0.7703
0.0739
0.0645
0.0729
0.1129
0.8301
0.1469
0.1098
0.1107
0.1519
0.5624
0.5844
0.6413
0.6739
0.7669
0.7033
0.2145
0.2212
0.1136
0.0835
0.0813
0.1055
0.1489
0.8129
0.7345
0.7386
0.8204
0.8609
0.1113
0.0600
0.0482
0.0510
0.0636
0.0925
0.1360
0.6317
0.7336
0.6592
0.1828
0.1248
0.1122
0.1309
0.1527
0.1699
0.7992
0.1501
0.1219
0.1591
0.7342
0.1134
0.1349
0.1547
0.0703
0.0513
0.0562
0.0904
0.7844
0.8462
0.7827
0.7704
0.8356
0.1578
0.1569
0.1209
0.1645
0.8968
0.8815
0.7879
0.7819
0.8531
0.0986
0.0790
0.1250
0.8647
0.0646
0.0693
0.0382
0.0437
0.0768
0.9147
0.9405
0.9483
0.9450
0.2045
0.1045
0.0300
0.0212
0.0161
0.0157
0.0146
0.0179
0.0297
0.0763
0.0793
0.0735
0.7367
0.7135
0.7437
0.7864
0.8573
0.0887
0.0469
0.0378
0.0456
0.0804
0.1359
0.0922
0.6947
0.0854
0.0768
0.0970
0.7958
0.1233
0.1103
0.1371
0.1012
0.1065
0.1450
0.5874
0.7171
0.2676
0.2383
0.3018
0.2426
0.1912
0.6811
0.1848
0.1468
0.1765
0.7293
0.7691
0.8594
0.8501
0.1414
0.1127
0.1676
0.6974
0.1601
0.2086
0.1547
0.1404
0.1996
0.6014
0.7327
0.7539
0.6750
0.6806
0.7122
0.6817
0.7350
0.4649
0.4192
0.6875
0.3959
0.3969
0.2726
0.2239
0.2094
0.2126
0.2313
0.2768
0.5309
0.5787
0.3235
0.2778
0.2929
0.3360
0.4117
0.4255
0.5641
0.3573
0.3413
0.3310
0.3233
0.3464
0.2789
0.2718
0.4985
0.5269
0.5638
0.6551
0.3844
0.3756
0.2401
0.1998
0.5451
0.1737
0.1242
0.1137
0.1416
0.2241
0.8482
0.8544
0.1660
0.0978
0.1132
0.7377
0.8644
0.1705
0.0793
0.0619
0.0688
0.0421
0.0371
0.0462
0.0673
0.1459
0.1510
0.0979
0.7156
0.7473
0.7955
0.8626
0.8303
0.7847
0.7905
0.8385
0.1078
0.0820
0.0894
0.1426
0.9120
0.9033
0.0820
0.0474
0.0529
0.0353
0.0378
0.0630
0.0483
0.0550
0.8542
0.9072
0.9512
0.9520
0.1388
0.1041
0.0461
0.0299
0.0370
0.0673
0.7584
0.7112
0.7056
0.1174
0.1644
0.8767
0.8811
0.9314
0.2016
0.0514
0.0302
0.0292
0.0296
0.0385
0.0716
0.0809
0.1217
0.2190
0.8679
0.8903
0.8813
0.8198
0.1660
0.2070
0.2209
0.9190
0.9180
0.1183
0.0730
0.0277
0.0212
0.0253
0.0527
0.0729
0.1034
0.0861
0.0475
0.0512
0.8998
0.9127
0.9366
0.9458
0.0980
0.0849
0.0572
0.0570
0.0644
0.0336
0.0198
0.0188
0.0236
0.0391
0.0751
0.8673
0.8478
0.8853
0.8615
0.7488
0.7387
0.8100
0.8068
0.8684
0.8792
0.8579
0.8981
0.8816
0.0826
0.0429
0.0369
0.0461
0.0838
0.0928
0.1084
0.2094
0.8659
0.1090
0.0811
0.1044
0.1730
0.8133
0.7765
0.2308
0.1949
0.1974
0.2273
0.3569
0.4103
0.3599
0.7266
0.3515
0.2656
0.1903
0.1709
0.1865
0.2503
0.6752
0.6723
0.7435
0.7429
0.2742
0.2453
0.1499
0.1054
0.1138
0.7446
0.6998
0.1118
0.1281
0.0682
0.0387
0.0326
0.0369
0.0576
0.0427
0.0436
0.0470
0.0791
0.8337
0.8468
0.9090
0.1029
0.0591
0.0509
0.0477
0.0725
0.8393
0.8579
0.8794
0.9126
0.8793
0.8803
0.9147
0.8999
0.9177
0.9210
0.0676
0.0364
0.0380
0.0318
0.0630
0.9157
0.9214
0.9435
0.1782
0.0744
0.0641
0.0324
0.0269
0.0231
0.0266
0.0417
0.0983
0.0948
0.0787
0.7664
0.7336
0.0844
0.0898
0.1519
0.1125
0.0653
0.0548
0.0557
0.0620
0.0707
0.0813
0.0943
0.1141
0.1153
0.1295
0.1613
0.5680
0.5637
0.1230
0.0776
0.0616
0.0648
0.1038
0.1087
0.1827
0.2255
0.3317
0.8969
0.8002
0.7881
0.8423
0.8090
0.1723
0.1741
0.0945
0.0674
0.0839
0.1095
0.8349
0.1281
0.1231
0.1585
0.0936
0.0684
0.0720
0.1174
0.1011
0.1299
0.0721
0.0660
0.0621
0.6913
0.0598
0.0528
0.0641
0.0871
0.8694
0.1141
0.1509
0.9046
0.8953
0.1089
0.0930
0.8884
0.0707
0.0409
0.0438
0.0896
0.1145
0.0917
0.0702
0.8705
0.9259
0.9252
0.9532
0.1545
0.0296
0.0151
0.0124
0.0133
0.0177
0.0316
0.0314
0.0778
0.9618
0.9677
0.9735
0.9448
0.0442
0.0240
0.0211
0.0182
0.0175
0.0185
0.0185
0.0262
0.0550
0.8703
0.8843
0.9084
0.0810
0.0595
0.0525
0.0545
0.0641
0.8319
0.1079
0.1425
0.0882
0.0949
0.7728
0.7740
0.7682
0.0817
0.0527
0.0430
0.0436
0.0566
0.1048
0.8946
0.8832
0.1669
0.1592
0.0818
0.0695
0.0584
0.0613
0.0581
0.0677
0.0987
0.7133
0.7759
0.7029
0.1945
0.1762
0.2400
0.2077
0.2364
0.6498
0.2275
0.1943
0.2138
0.2552
0.6396
0.4145
0.4274
0.7605
0.7340
0.2856
0.2289
0.3953
0.7791
