0.8136
0.7815
0.2711
0.1417
0.1395
0.1535
0.1978
0.2871
0.7528
0.8235
0.8117
0.4436
0.3027
0.5765
0.6511
0.6268
0.6791
0.6001
0.6061
0.6747
0.5862
0.1762
0.1841
0.6210
0.2224
0.2086
0.1883
0.2138
0.1130
0.0748
0.0591
0.0521
0.0500
0.0529
0.0630
0.0717
0.1096
0.8206
0.8222
0.8064
0.1272
0.1201
0.1807
0.1214
0.0678
0.0527
0.0511
0.0470
0.0513
0.0659
0.0813
0.1169
0.1930
0.1769
0.1556
0.1574
0.1505
0.1675
0.2210
0.1575
0.1412
0.5789
0.1491
0.1475
0.2214
0.6673
0.6532
0.7036
0.2683
0.3695
0.3259
0.1895
0.6407
0.6460
0.6841
0.7433
0.8377
0.8523
0.9038
0.9018
0.1201
0.0697
0.0525
0.0442
0.0502
0.0538
0.0714
0.7373
0.1053
0.0826
0.0783
0.0688
0.0690
0.0778
0.0998
0.1444
0.6441
0.3118
0.1920
0.1402
0.1274
0.1390
0.1818
0.7445
0.1862
0.1193
0.1105
0.1442
0.6730
0.7812
0.6864
0.1542
0.1253
0.1702
0.7802
0.7229
0.7274
0.7909
0.8208
0.6791
0.1069
0.0938
0.1483
0.8613
0.3059
0.1208
0.0984
0.1409
0.7658
0.8408
0.1236
0.0682
0.0611
0.0848
0.1536
0.8910
0.8894
0.1912
0.1688
0.8103
0.2721
0.8901
0.8473
0.7950
0.7945
0.1754
0.7998
0.1962
0.1607
0.8106
0.8712
0.1141
0.0910
0.0431
0.0457
0.0860
0.9229
0.2091
0.0692
0.0436
0.0434
0.0397
0.0428
0.0530
0.0733
0.6831
0.1206
0.0996
0.0958
0.1108
0.1422
0.1956
0.5653
0.2033
0.1823
0.1886
0.2353
0.7423
0.2378
0.1630
0.1378
0.1358
0.1234
0.1325
0.1863
0.6919
0.7884
0.7196
0.2169
0.2153
0.1119
0.0833
0.0835
0.1123
0.1691
0.8208
0.7563
0.7599
0.8320
0.8654
0.1295
0.0613
0.0462
0.0476
0.0590
0.0868
0.1312
0.6588
0.7540
0.6816
0.1788
0.1117
0.0964
0.1104
0.1268
0.1424
0.8343
0.1273
0.1007
0.1396
0.7645
0.1059
0.1271
0.1481
0.0683
0.0504
0.0553
0.0893
0.7964
0.8556
0.7948
0.7826
0.8423
0.1591
0.1525
0.1151
0.1578
0.8994
0.8872
0.7992
0.7955
0.8627
0.0963
0.0755
0.1187
0.8677
0.0603
0.0651
0.0360
0.0417
0.0752
0.9179
0.9440
0.9509
0.9465
0.2031
0.1022
0.0294
0.0208
0.0157
0.0150
0.0135
0.0161
0.0264
0.0690
0.0728
0.0682
0.7731
0.7544
0.7775
0.8140
0.8688
0.0773
0.0407
0.0332
0.0404
0.0731
0.1274
0.0862
0.7401
0.0812
0.0716
0.0897
0.8449
0.1019
0.0843
0.1009
0.0626
0.0616
0.0845
0.6863
0.8000
0.1527
0.1241
0.1699
0.1322
0.1088
0.7914
0.1138
0.0927
0.1274
0.8155
0.8286
0.8977
0.8924
0.1145
0.0875
0.1308
0.7790
0.0963
0.1276
0.0776
0.0603
0.0829
0.7064
0.8401
0.8610
0.7960
0.8139
0.8497
0.8284
0.8767
0.8703
0.8007
0.2140
0.1190
0.1131
0.1592
0.1066
0.0986
0.1087
0.5355
0.1261
0.1208
0.1548
0.1324
0.6193
0.6868
0.7602
0.8635
0.8647
0.7496
0.1296
0.1050
0.0962
0.1324
0.7939
0.1231
0.0884
0.0787
0.0911
0.1272
0.2413
0.2560
0.3171
0.2211
0.2063
0.2115
0.2272
0.5007
0.2548
0.3032
0.6239
0.7521
0.7660
0.6653
0.6585
0.3113
0.2991
0.3668
0.3298
0.3044
0.5472
0.5864
0.3104
0.2838
0.3344
0.5951
0.6994
0.4309
0.2950
0.2341
0.2410
0.2945
0.3923
0.5883
0.5520
0.3525
0.3703
0.3370
0.3601
0.5776
0.6041
0.6706
0.6458
0.3643
0.3511
0.5773
0.3335
0.3093
0.3260
0.2506
0.2195
0.2323
0.3227
0.6902
0.7418
0.6861
0.6973
0.6193
0.5535
0.5349
0.2506
0.1799
0.1442
0.1364
0.1686
0.6170
0.7617
0.7793
0.8348
0.8103
0.1670
0.0966
0.0940
0.1173
0.6859
0.7839
0.1955
0.2003
0.3028
0.8274
0.8703
0.8661
0.7967
0.2077
0.2272
0.2556
0.8908
0.8848
0.1989
0.1438
0.0811
0.1041
0.6683
0.7942
0.8025
0.8581
0.8414
0.1519
0.0840
0.0880
0.1262
0.7912
0.8483
0.8139
0.8514
0.8191
0.1635
0.1811
0.1010
0.0625
0.0583
0.0577
0.0712
0.1204
0.8349
0.8329
0.8759
0.8473
0.7183
0.7114
0.7965
0.7988
0.8699
0.8794
0.8493
0.8902
0.8671
0.1009
0.0588
0.0626
0.1085
0.8023
0.7772
0.7901
0.3481
0.2654
0.1351
0.6602
0.7062
0.7689
0.8584
0.8554
0.1547
0.1268
0.1607
0.7675
0.8496
0.8663
0.8151
0.8479
0.7716
0.6755
0.0672
0.0447
0.0415
0.0545
0.1154
0.1717
0.9184
0.9110
0.1465
0.1320
0.0719
0.0574
0.0833
0.8660
0.8066
0.0960
0.1098
0.0569
0.0333
0.0295
0.0348
0.0544
0.0394
0.0388
0.0410
0.0725
0.8665
0.8872
0.9285
0.0924
0.0485
0.0396
0.0370
0.0601
0.8566
0.8815
0.8963
0.9219
0.8891
0.8879
0.9190
0.9047
0.9213
0.9221
0.0696
0.0387
0.0405
0.0323
0.0628
0.9279
0.9334
0.9500
0.1635
0.0648
0.0553
0.0284
0.0239
0.0207
0.0242
0.0389
0.0942
0.0928
0.0790
0.7600
0.7299
0.0939
0.1018
0.1792
0.1600
0.1254
0.6838
0.6737
0.6846
0.6881
0.6885
0.1187
0.0948
0.0751
0.0773
0.0992
0.1207
0.7449
0.7509
0.1310
0.0895
0.0795
0.0954
0.1631
0.8058
0.8003
0.8340
0.8034
0.6885
0.6555
0.7041
0.6622
0.6910
0.6978
0.2536
0.1934
0.1979
0.1951
0.2257
0.2471
0.3077
0.6505
0.3253
0.3053
0.5748
0.3652
0.2982
0.2794
0.2461
0.2419
0.2075
0.1941
0.1957
0.2180
0.2696
0.5729
0.3564
0.3093
0.3534
0.6859
0.6654
0.5677
0.2966
0.3567
0.2838
0.2330
0.2514
0.5872
0.6708
0.4238
0.3559
0.6027
0.3616
0.3517
0.7513
0.3136
0.1220
0.0764
0.0635
0.0618
0.0701
0.1069
0.0916
0.1231
0.8765
0.8554
0.8974
0.8415
0.0938
0.0666
0.0676
0.0672
0.0739
0.0874
0.0860
0.0915
0.1045
0.0921
0.0876
0.1172
0.0789
0.0738
0.0621
0.0506
0.0578
0.1027
0.8345
0.8843
0.8060
0.7741
0.0733
0.0546
0.0570
0.8094
0.0593
0.0639
0.0322
0.0339
0.0861
0.9547
0.9548
0.9462
0.9510
0.0567
0.0249
0.0186
0.0195
0.0185
0.0214
0.0323
0.0724
0.9095
0.8843
0.8319
0.8318
0.1274
0.0611
0.0477
0.0595
0.0359
0.0334
0.0425
0.0622
0.1432
0.8651
0.8508
0.8888
0.8828
0.8495
0.8906
0.9224
0.8871
