0.7494
0.4485
0.2548
0.2821
0.7227
0.7615
0.4088
0.3562
0.6432
0.7458
0.7645
0.6982
0.3224
0.2762
0.3357
0.5847
0.3298
0.2338
0.2300
0.6385
0.2250
0.1983
0.6114
0.6485
0.2177
0.1831
0.1568
0.1738
0.0901
0.0596
0.0475
0.0424
0.0412
0.0443
0.0537
0.0620
0.0999
0.8395
0.8452
0.8271
0.1174
0.1099
0.1694
0.1178
0.0697
0.0567
0.0557
0.0509
0.0558
0.0727
0.0918
0.1326
0.2158
0.2026
0.1816
0.1842
0.1774
0.1989
0.2659
0.2146
0.5721
0.5764
0.2401
0.6084
0.6908
0.2792
0.6140
0.6603
0.7338
0.8405
0.8450
0.7373
0.6103
0.5778
0.1902
0.6558
0.7718
0.3741
0.8725
0.8509
0.1513
0.1073
0.0985
0.1064
0.1550
0.1320
0.1604
0.5371
0.5715
0.5661
0.5750
0.5563
0.5650
0.2108
0.1704
0.1745
0.5947
0.2546
0.1524
0.1159
0.1147
0.1437
0.1866
0.7780
0.1685
0.1041
0.0982
0.1353
0.6952
0.7956
0.7037
0.1524
0.1225
0.1724
0.7945
0.7397
0.7446
0.8024
0.8285
0.6923
0.1029
0.0871
0.1387
0.8673
0.2919
0.1118
0.0899
0.1299
0.7861
0.8587
0.1066
0.0559
0.0494
0.0702
0.1382
0.9134
0.9107
0.1696
0.1527
0.8456
0.2568
0.9113
0.8736
0.8247
0.8222
0.1752
0.8344
0.1962
0.1545
0.8369
0.8888
0.1014
0.0782
0.0371
0.0399
0.0779
0.9306
0.1978
0.0623
0.0387
0.0386
0.0350
0.0375
0.0460
0.0637
0.7207
0.0963
0.0728
0.0659
0.0747
0.0978
0.1411
0.5970
0.1670
0.1663
0.1907
0.2524
0.3371
0.2638
0.2419
0.5378
0.5560
0.2322
0.2092
0.2331
0.2746
0.7083
0.3244
0.2987
0.7084
0.2472
0.1744
0.1587
0.1798
0.2024
0.2775
0.6648
0.2523
0.3175
0.8120
0.7068
0.1186
0.0754
0.0646
0.0651
0.0747
0.0847
0.1337
0.8573
0.8070
0.1148
0.0628
0.0549
0.0680
0.0861
0.1065
0.1964
0.7874
0.7452
0.7301
0.1155
0.1155
0.2482
0.9031
0.8367
0.8003
0.7964
0.8075
0.8281
0.1847
0.1070
0.1472
0.9159
0.9031
0.9293
0.1074
0.0602
0.0760
0.0597
0.0273
0.0258
0.0375
0.0288
0.0336
0.0576
0.0540
0.0753
0.8484
0.1392
0.1606
0.7184
0.6718
0.7152
0.7428
0.7759
0.8606
0.8640
0.7877
0.7977
0.6580
0.0794
0.0615
0.0701
0.1252
0.8942
0.8558
0.0805
0.0490
0.0432
0.0511
0.0785
0.9027
0.0632
0.0353
0.0288
0.0333
0.0564
0.0870
0.0450
0.0395
0.0571
0.8445
0.1072
0.9322
0.0569
0.0383
0.0472
0.0309
0.0351
0.0201
0.0263
0.0876
0.9367
0.9570
0.9650
0.0836
0.0324
0.0253
0.0219
0.0191
0.0242
0.0379
0.0794
0.9362
0.9304
0.1492
0.8225
0.1187
0.0830
0.1001
0.8606
0.1093
0.0596
0.0575
0.1040
0.8453
0.8634
0.8013
0.8159
0.8484
0.8324
0.8813
0.8887
0.8503
0.8625
0.0970
0.0560
0.0448
0.0430
0.0456
0.0544
0.0778
0.7296
0.7491
0.8020
0.1196
0.0798
0.0882
0.1312
0.8646
0.3038
0.1665
0.7295
0.1571
0.1407
0.6914
0.2069
0.1205
0.0927
0.0924
0.1111
0.1634
0.7352
0.2949
0.3321
0.1938
0.1702
0.5218
0.5209
0.1562
0.1421
0.1777
0.2669
0.7739
0.7727
0.1649
0.0898
0.0735
0.0831
0.1352
0.1024
0.0654
0.0584
0.0740
0.0493
0.0532
0.0973
0.8479
0.9111
0.9023
0.7657
0.0748
0.0648
0.0939
0.8660
0.1130
0.0698
0.0653
0.1059
0.1069
0.1180
0.1554
0.7253
0.8085
0.8058
0.1749
0.1486
0.1697
0.1165
0.1177
0.1717
0.1304
0.1106
0.6429
0.7282
0.8573
0.8827
0.2364
0.2390
0.1370
0.0985
0.1029
0.1258
0.1242
0.1075
0.1024
0.1148
0.1695
0.7918
0.8115
0.8643
0.8415
0.1431
0.0859
0.0848
0.1018
0.6839
0.7937
0.1695
0.1891
0.2857
0.8391
0.8751
0.8694
0.8042
0.1846
0.2193
0.2332
0.8844
0.8786
0.2035
0.1712
0.1033
0.1292
0.6438
0.7773
0.7922
0.8519
0.8370
0.1787
0.1056
0.1069
0.1397
0.7649
0.8317
0.7913
0.8311
0.7917
0.1854
0.2275
0.1424
0.1003
0.1000
0.1020
0.1314
0.6487
0.7874
0.7943
0.8468
0.8151
0.6697
0.6603
0.7602
0.1989
0.2655
0.2732
0.2542
0.8785
0.8567
0.1368
0.0979
0.6474
0.1808
0.8300
0.8052
0.8070
0.8660
0.8495
0.1782
0.6840
0.1344
0.2021
0.8677
0.8580
0.1419
0.1065
0.1115
0.1720
0.8440
0.8459
0.7927
0.8261
0.7713
0.7202
0.7521
0.1578
0.1368
0.1897
0.7548
0.7495
0.8296
0.8187
0.7538
0.2598
0.1393
0.0923
0.1083
0.8082
0.7527
0.1069
0.1230
0.0639
0.0364
0.0312
0.0359
0.0567
0.0427
0.0441
0.0481
0.0812
0.8304
0.8424
0.9050
0.1059
0.0611
0.0531
0.0496
0.0746
0.8342
0.8545
0.8781
0.9125
0.8804
0.8819
0.9160
0.9016
0.9191
0.9219
0.0676
0.0363
0.0375
0.0310
0.0616
0.9180
0.9234
0.9449
0.1704
0.0704
0.0605
0.0304
0.0252
0.0214
0.0246
0.0384
0.0917
0.0882
0.0747
0.7647
0.7267
0.0783
0.0827
0.1392
0.1015
0.0592
0.0513
0.0563
0.0709
0.0951
0.6646
0.1414
0.1382
0.6903
0.1211
0.1132
0.1022
0.7517
0.0917
0.0585
0.0496
0.0591
0.1146
0.1590
0.9014
0.8836
0.9126
0.9004
0.8291
0.8108
0.8558
0.8244
0.8501
0.8596
0.7489
0.1106
0.1146
0.1368
0.7974
0.1441
0.1398
0.2137
0.6707
0.6205
0.1826
0.2756
0.2601
0.7756
0.1750
0.1219
0.1087
0.1148
0.1295
0.1569
0.2001
0.5699
0.2436
0.2486
0.3250
0.7243
0.7089
0.5947
0.3161
0.3713
0.5608
0.5233
0.2490
0.2897
0.4138
0.7026
0.5906
0.5860
0.6715
0.6769
0.7756
0.2931
0.0989
0.0570
0.0441
0.0415
0.0493
0.0830
0.0743
0.1102
0.9037
0.8822
0.9181
0.8718
0.0733
0.0476
0.0455
0.0435
0.0476
0.0577
0.0604
0.0716
0.0982
0.1097
0.7328
0.1794
0.1053
0.0872
0.0699
0.0557
0.0628
0.1089
0.8183
0.8720
0.7890
0.7584
0.0772
0.0577
0.0601
0.8072
0.0627
0.0679
0.0342
0.0355
0.0863
0.9512
0.9504
0.9406
0.9478
0.0612
0.0278
0.0212
0.0227
0.0219
0.0251
0.0366
0.0771
0.8917
0.8583
0.7929
0.7928
0.1441
0.0722
0.0582
0.0751
0.0497
0.0524
0.0783
0.6914
0.2630
0.8434
0.8244
0.8754
0.8629
0.8008
0.8413
0.8972
0.8894
