0.7538
0.4287
0.2189
0.2140
0.3748
0.8252
0.8193
0.7397
0.7555
0.7954
0.7844
0.7155
0.5612
0.2982
0.3010
0.5264
0.5721
0.3571
0.3575
0.5777
0.5279
0.3171
0.2971
0.2879
0.3187
0.3438
0.3540
0.3875
0.3036
0.2609
0.2510
0.2742
0.5025
0.3067
0.3003
0.3026
0.5218
0.5402
0.2815
0.2341
0.2285
0.2808
0.6959
0.3319
0.2027
0.1647
0.1745
0.5655
0.1764
0.1816
0.6357
0.6935
0.7833
0.1459
0.0881
0.0771
0.0719
0.0863
0.1317
0.1076
0.6719
0.0867
0.0760
0.1098
0.8407
0.1676
0.7719
0.1208
0.1202
0.2097
0.1985
0.1218
0.7810
0.7981
0.8303
0.8680
0.9210
0.9265
0.9506
0.9395
0.0704
0.0407
0.0332
0.0314
0.0426
0.0231
0.0201
0.0222
0.0295
0.0326
0.0385
0.0363
0.0372
0.0426
0.0577
0.0945
0.6675
0.7590
0.6536
0.5961
0.1447
0.1522
0.6008
0.2364
0.1654
0.1441
0.1600
0.1983
0.2446
0.3359
0.2904
0.5295
0.5395
0.3039
0.3408
0.2778
0.2789
0.3529
0.6985
0.2802
0.1957
0.1925
0.2614
0.7541
0.4197
0.2283
0.1820
0.2250
0.6393
0.7260
0.6254
0.5897
0.5990
0.6514
0.7081
0.8167
0.3092
0.1487
0.1436
0.1965
0.6815
0.7809
0.7392
0.2059
0.1458
0.1138
0.1183
0.1547
0.1116
0.1051
0.1442
0.1068
0.1053
0.0588
0.0580
0.0991
0.3015
0.9139
0.8410
0.7983
0.1198
0.0690
0.0538
0.0534
0.0646
0.0729
0.0973
0.1247
0.6287
0.6282
0.6430
0.2359
0.6264
0.1374
0.1187
0.1682
0.7923
0.8421
0.7362
0.6737
0.6597
0.6658
0.1225
0.1036
0.1381
0.7516
0.3080
0.7897
0.1589
0.1603
0.0756
0.0546
0.0558
0.0788
0.1237
0.8656
0.7981
0.8067
0.8679
0.8957
0.0911
0.0422
0.0316
0.0326
0.0407
0.0603
0.0902
0.7742
0.8580
0.1207
0.0746
0.0499
0.0475
0.0578
0.0635
0.0609
0.0747
0.7953
0.0738
0.0811
0.0482
0.0508
0.0949
0.1831
0.8396
0.7887
0.0908
0.1129
0.0781
0.1038
0.0971
0.8512
0.8987
0.8832
0.9117
0.1152
0.0664
0.0903
0.0792
0.0517
0.8494
0.1079
0.1098
0.9050
0.9359
0.9098
0.9079
0.9312
0.1354
0.1187
0.8877
0.0433
0.0331
0.0304
0.0411
0.1185
0.9486
0.0463
0.0291
0.0243
0.0335
0.0562
0.8665
0.9086
0.9426
0.1043
0.0384
0.0263
0.0257
0.0321
0.0369
0.0496
0.0269
0.0207
0.0207
0.0263
0.0468
0.0740
0.0370
0.0287
0.0311
0.0336
0.0469
0.0941
0.0963
0.7838
0.2206
0.1400
0.6675
0.6732
0.1705
0.8528
0.1160
0.0912
0.1244
0.0912
0.0785
0.8647
0.0859
0.0713
0.1091
0.8773
0.8873
0.9254
0.9135
0.1119
0.0849
0.1290
0.8060
0.0950
0.1217
0.0719
0.0488
0.0562
0.1065
0.8418
0.8448
0.2827
0.3199
0.7888
0.7504
0.8021
0.7944
0.7168
0.7163
0.5998
0.5593
0.5469
0.5385
0.5268
0.1747
0.1467
0.1479
0.1744
0.2366
0.1916
0.1900
0.2447
0.3374
0.6838
0.6576
0.3283
0.3032
0.2999
0.3102
0.5627
0.5884
0.2903
0.2327
0.2285
0.2723
0.5703
0.6294
0.3878
0.4106
0.3166
0.5400
0.2263
0.2081
0.1810
0.1793
0.2093
0.2537
0.3856
0.3956
0.2847
0.2903
0.2308
0.5466
0.6220
0.2901
0.2348
0.5191
0.5654
0.2133
0.1932
0.2079
0.2490
0.3872
0.3826
0.2271
0.5300
0.5413
0.6018
0.7179
0.6824
0.6257
0.6287
0.7057
0.2186
0.2100
0.2155
0.2577
0.3970
0.3947
0.2578
0.5700
0.3016
0.2371
0.5847
0.2695
0.1714
0.1329
0.1361
0.1862
0.3698
0.8268
0.8167
0.8108
0.7341
0.2361
0.1803
0.1811
0.1780
0.1667
0.1677
0.1875
0.2557
0.6885
0.7285
0.7972
0.7742
0.2609
0.1684
0.1474
0.1348
0.1468
0.2008
0.1947
0.2849
0.7907
0.7853
0.8284
0.8184
0.7535
0.7776
0.8229
0.8134
0.8721
0.8822
0.1262
0.0778
0.0340
0.0278
0.0343
0.0664
0.0872
0.1154
0.0992
0.0583
0.0605
0.8398
0.8638
0.9076
0.9273
0.1200
0.1072
0.0747
0.0725
0.0740
0.0354
0.0203
0.0187
0.0234
0.0397
0.0787
0.8540
0.8244
0.8686
0.8345
0.6986
0.1573
0.2333
0.7848
0.8465
0.8587
0.8159
0.8616
0.8558
0.1601
0.1014
0.6440
0.1015
0.1436
0.1369
0.1659
0.8771
0.8566
0.0892
0.0623
0.0836
0.8217
0.2720
0.9138
0.1090
0.0918
0.8483
0.0802
0.1148
0.1036
0.0593
0.0731
0.0366
0.0188
0.0147
0.0147
0.0206
0.0510
0.9396
0.3281
0.9613
0.9560
0.9303
0.9345
0.9023
0.8602
0.1796
0.9227
0.0943
0.0933
0.9174
0.0403
0.0233
0.0237
0.0430
0.0380
0.0344
0.0501
0.7849
0.0775
0.0805
0.8386
0.1808
0.1286
0.8358
0.1382
0.8054
0.0567
0.0380
0.0339
0.0417
0.0757
0.0680
0.0567
0.0821
0.0747
0.1181
0.9065
0.0906
0.0685
0.0866
0.0745
0.1123
0.8207
0.8077
0.8743
0.8688
0.8047
0.8272
0.1333
0.0773
0.0716
0.1029
0.7945
0.8771
0.8431
0.7432
0.0872
0.0691
0.0815
0.1443
0.8273
0.7257
0.1305
0.0958
0.0865
0.0899
0.0965
0.1069
0.1248
0.1554
0.5597
0.1778
0.1915
0.5396
0.1786
0.1864
0.5207
0.1232
0.0958
0.0936
0.1382
0.7991
0.8218
0.8772
0.8744
0.2240
0.1426
0.1896
0.2039
0.2647
0.8573
0.7207
0.6843
0.7116
0.1080
0.0896
0.0801
0.1041
0.8692
0.1032
0.0820
0.0807
0.1587
0.1903
0.8998
0.8097
0.7865
0.7790
0.7799
0.7689
0.0717
0.0565
0.0543
0.0899
0.1000
0.8006
0.8828
0.8848
0.1188
0.0870
0.1210
0.1049
0.6757
0.6724
0.7457
0.2543
0.2277
0.1311
0.1149
0.2143
0.7908
0.8537
0.8397
0.6673
0.1174
0.0933
0.0958
0.1209
0.1862
0.1636
0.1898
0.3100
0.6477
0.6906
0.6119
0.5326
0.5166
0.5344
0.1366
0.1133
0.1230
0.6040
0.6284
0.1066
0.0741
0.0716
0.1017
0.0703
0.0673
0.0579
0.0485
0.0582
0.1094
0.8282
0.8695
0.7751
0.7332
0.1110
0.0910
0.1089
0.7492
0.7437
0.7481
0.1212
0.1356
0.8206
0.8949
0.8863
0.8567
0.8778
0.1486
0.1308
0.7442
0.7458
0.6953
0.0850
0.0776
0.1296
0.8609
0.8468
0.8044
0.8114
0.1359
0.0636
0.0469
0.0547
0.0309
0.0267
0.0314
0.0409
0.0803
0.1921
0.8954
0.9069
0.2849
0.1348
0.2127
0.8460
0.8760
