0.8369
0.8477
0.7450
0.6541
0.6516
0.6712
0.7397
0.7290
0.7901
0.8405
0.8335
0.7714
0.6302
0.6023
0.6428
0.6082
0.6310
0.3228
0.2894
0.3101
0.2442
0.2295
0.2437
0.2578
0.3047
0.3428
0.3593
0.3985
0.3075
0.2587
0.2382
0.2322
0.2347
0.2447
0.2618
0.2556
0.2557
0.2646
0.2536
0.2607
0.3076
0.5726
0.6539
0.6116
0.5482
0.5253
0.5178
0.3109
0.2825
0.2842
0.2920
0.3367
0.5754
0.5441
0.5228
0.3328
0.3043
0.3138
0.3571
0.2859
0.2459
0.2368
0.2530
0.3092
0.5793
0.3370
0.3028
0.3463
0.6053
0.7118
0.7080
0.3949
0.2815
0.2489
0.2815
0.5384
0.6247
0.6388
0.6949
0.6656
0.3669
0.3294
0.3114
0.3056
0.3403
0.2837
0.5144
0.2589
0.2488
0.2439
0.5822
0.2126
0.1521
0.1248
0.1183
0.1272
0.1699
0.7638
0.1673
0.1028
0.0920
0.1157
0.7285
0.2041
0.1017
0.0730
0.0756
0.1162
0.7427
0.8247
0.7402
0.6868
0.6864
0.7241
0.7991
0.7481
0.7566
0.8312
0.1933
0.0604
0.0349
0.0327
0.0455
0.0977
0.0955
0.0412
0.0399
0.0762
0.8772
0.9222
0.0734
0.0347
0.0283
0.0384
0.0767
0.9462
0.1641
0.0609
0.0916
0.9025
0.9145
0.9361
0.9075
0.8730
0.8780
0.8782
0.9021
0.1674
0.0875
0.1188
0.9425
0.0573
0.0388
0.0180
0.0195
0.0435
0.9508
0.1133
0.0325
0.0236
0.0283
0.0292
0.0238
0.0225
0.0238
0.0272
0.0333
0.0312
0.0320
0.0366
0.0494
0.0732
0.7817
0.0699
0.0600
0.0677
0.1065
0.8553
0.1254
0.0852
0.0767
0.0907
0.1046
0.1509
0.6106
0.6576
0.7494
0.6795
0.2692
0.2849
0.1616
0.1235
0.1177
0.1430
0.1835
0.7676
0.6937
0.6946
0.7841
0.8290
0.1366
0.0800
0.0686
0.0759
0.0962
0.1364
0.1937
0.5669
0.6651
0.3137
0.2564
0.2153
0.2198
0.2586
0.2918
0.2994
0.3393
0.2478
0.2266
0.5144
0.5430
0.2974
0.3635
0.7515
0.2873
0.1760
0.1406
0.1384
0.1623
0.2349
0.2296
0.6916
0.7743
0.7452
0.7896
0.2477
0.1738
0.2324
0.2122
0.1402
0.7071
0.2108
0.1753
0.7373
0.8105
0.7625
0.7685
0.8313
0.2070
0.1838
0.7973
0.1033
0.0850
0.0846
0.1096
0.2353
0.9077
0.1323
0.0864
0.0634
0.0628
0.0609
0.0728
0.1134
0.9105
0.1502
0.0619
0.0434
0.0420
0.0517
0.0830
0.9056
0.0727
0.0398
0.0332
0.0385
0.0622
0.0864
0.0387
0.0269
0.0275
0.0299
0.0490
0.9147
0.0473
0.0335
0.0434
0.0299
0.0340
0.0201
0.0262
0.0885
0.9346
0.9589
0.9654
0.0820
0.0307
0.0241
0.0209
0.0183
0.0228
0.0348
0.0748
0.9549
0.9468
0.0570
0.0362
0.0482
0.0427
0.0662
0.8931
0.0841
0.0477
0.0493
0.0937
0.8553
0.8663
0.8092
0.8282
0.8652
0.8549
0.9056
0.9155
0.8889
0.9046
0.0710
0.0374
0.0282
0.0263
0.0280
0.0348
0.0561
0.1315
0.8205
0.8304
0.0880
0.0630
0.0781
0.1325
0.8781
0.8869
0.1246
0.0774
0.0553
0.0427
0.0437
0.0586
0.0346
0.0296
0.0367
0.0744
0.8917
0.9348
0.9206
0.1601
0.0500
0.0318
0.0339
0.0481
0.0679
0.7368
0.7625
0.1350
0.2034
0.2042
0.1563
0.8798
0.1592
0.2031
0.1573
0.0683
0.0362
0.0330
0.0448
0.0307
0.0364
0.0787
0.9073
0.9477
0.9406
0.8458
0.0588
0.0489
0.0745
0.9020
0.0850
0.0474
0.0435
0.0721
0.0735
0.0818
0.1096
0.7664
0.8403
0.8352
0.7082
0.7228
0.1357
0.0680
0.0602
0.0945
0.0682
0.0659
0.8096
0.8692
0.9334
0.9407
0.1690
0.1392
0.0617
0.0349
0.0323
0.0372
0.0361
0.0395
0.0505
0.0745
0.7109
0.2777
0.3439
0.8331
0.7828
0.1953
0.1345
0.1305
0.1276
0.1447
0.2060
0.1949
0.2510
0.3436
0.3628
0.7563
0.7650
0.7082
0.7404
0.7956
0.7790
0.8315
0.8262
0.2544
0.1851
0.0883
0.0698
0.0812
0.1514
0.1964
0.2515
0.2119
0.1185
0.0970
0.7527
0.7537
0.8218
0.8731
0.1580
0.1650
0.1250
0.1278
0.1397
0.0750
0.0464
0.0446
0.0562
0.0897
0.1578
0.7845
0.7631
0.8275
0.8074
0.1535
0.1077
0.1282
0.1158
0.1700
0.1657
0.1077
0.1386
0.0967
0.0340
0.0225
0.0231
0.0337
0.0806
0.1306
0.8883
0.9195
0.9051
0.0585
0.0310
0.0306
0.0388
0.0793
0.0958
0.0727
0.0908
0.8760
0.8864
0.9337
0.9336
0.1230
0.1096
0.0591
0.0348
0.0223
0.0216
0.0314
0.0680
0.8635
0.8442
0.8850
0.8853
0.1712
0.1520
0.0832
0.0650
0.0924
0.8538
0.7903
0.1326
0.1642
0.7968
0.0528
0.0373
0.0367
0.0519
0.0348
0.0310
0.0272
0.0335
0.0452
0.0699
0.9489
0.0505
0.0300
0.0276
0.0286
0.0518
0.8718
0.9033
0.9124
0.9314
0.9000
0.8987
0.9280
0.9178
0.9347
0.9349
0.0678
0.0367
0.0363
0.0251
0.0384
0.9098
0.0624
0.0760
0.0606
0.0348
0.0367
0.0214
0.0193
0.0188
0.0274
0.0624
0.9413
0.1585
0.1113
0.8498
0.7965
0.0666
0.0637
0.1010
0.0666
0.0377
0.0318
0.0334
0.0303
0.0295
0.0313
0.0367
0.0512
0.0626
0.0640
0.0837
0.0939
0.0883
0.1021
0.1062
0.1319
0.6111
0.5992
0.6304
0.7124
0.7101
0.7543
0.7237
0.6141
0.3180
0.3812
0.3754
0.6594
0.6522
0.5658
0.2745
0.2739
0.2842
0.3563
0.3083
0.3321
0.6227
0.3013
0.2718
0.3148
0.4172
0.6266
0.6315
0.2795
0.2042
0.1787
0.1743
0.1767
0.1858
0.2052
0.2001
0.2151
0.2228
0.2822
0.4169
0.7131
0.2508
0.2027
0.6814
0.1834
0.1156
0.1181
0.2107
0.2545
0.2008
0.1110
0.7871
0.8711
0.8752
0.9320
0.1662
0.0375
0.0194
0.0155
0.0161
0.0213
0.0402
0.0394
0.0847
0.9571
0.9533
0.9639
0.9348
0.0510
0.0280
0.0249
0.0234
0.0262
0.0333
0.0369
0.0491
0.0811
0.7720
0.7695
0.8144
0.1483
0.1240
0.1166
0.1213
0.1311
0.6859
0.2212
0.2959
0.2091
0.1945
0.5564
0.1926
0.1740
0.1630
0.1625
0.1642
0.1695
0.1901
0.2449
0.3670
0.3680
0.3415
0.3770
0.2762
0.2369
0.2341
0.2523
0.2488
0.2725
0.5320
0.5484
0.6043
0.3518
0.2823
0.2831
0.3625
0.3277
0.5714
0.3473
0.2537
0.2221
0.2388
0.2697
0.3772
0.7020
0.6959
0.7538
0.7434
0.6770
0.7294
0.8196
0.8363
