0.8574
0.8394
0.1525
0.0626
0.0706
0.1269
0.1320
0.1732
0.1111
0.0681
0.0499
0.0603
0.1219
0.1041
0.0373
0.0257
0.0301
0.0569
0.1404
0.8786
0.8985
0.9225
0.9110
0.1759
0.1122
0.0419
0.0310
0.0316
0.0430
0.0669
0.1214
0.8912
0.8941
0.1537
0.1004
0.0480
0.0466
0.0787
0.2063
0.9300
0.9363
0.9386
0.3265
0.1577
0.0546
0.0452
0.0591
0.0858
0.6330
0.6845
0.7310
0.7650
0.8532
0.8635
0.8262
0.8643
0.8571
0.7780
0.0962
0.0846
0.1399
0.1225
0.0532
0.0456
0.0706
0.1422
0.8529
0.8863
0.9262
0.9326
0.1827
0.0975
0.0369
0.0313
0.0401
0.0521
0.0635
0.0834
0.7011
0.7891
0.8547
0.8062
0.7305
0.6667
0.6785
0.7501
0.8137
0.8565
0.8142
0.8491
0.7743
0.0969
0.0853
0.1241
0.1145
0.1013
0.0890
0.0841
0.1099
0.1526
0.6253
0.6362
0.6551
0.2951
0.3344
0.2826
0.3927
0.4305
0.8182
0.7583
0.6976
0.0967
0.0716
0.0766
0.1252
0.2066
0.1487
0.7086
0.1077
0.1660
0.8785
0.8812
0.8161
0.8282
0.1233
0.1433
0.8954
0.2371
0.1558
0.1055
0.0555
0.0606
0.1028
0.7256
0.7470
0.1781
0.1415
0.1363
0.2172
0.3924
0.7739
0.8029
0.7983
0.8108
0.7960
0.7566
0.4251
0.4297
0.3727
0.2551
0.2663
0.3301
0.4318
0.4435
0.7441
0.7010
0.6594
0.6135
0.5652
0.5648
0.6053
0.1743
0.1318
0.0928
0.0797
0.0855
0.1218
0.7015
0.7970
0.8568
0.8913
0.8176
0.0800
0.0449
0.0394
0.0503
0.0943
0.1414
0.8170
0.8734
0.8574
0.7559
0.7538
0.1888
0.1829
0.1712
0.1056
0.1069
0.1414
0.1874
0.2434
0.5683
0.5863
0.3538
0.3048
0.2492
0.2456
0.2412
0.2773
0.5410
0.5528
0.3196
0.2998
0.5108
0.2945
0.2920
0.5164
0.3116
0.3265
0.3618
0.4131
0.6932
0.4308
0.4115
0.3676
0.4121
0.4294
0.4277
0.4633
0.7732
0.4380
0.2798
0.1777
0.1355
0.1488
0.2298
0.2423
0.7475
0.2732
0.1411
0.1156
0.6106
0.0969
0.0761
0.0703
0.0937
0.1917
0.2698
0.8666
0.0954
0.0481
0.0452
0.0658
0.0923
0.0535
0.0330
0.0333
0.0546
0.1513
0.2602
0.8563
0.7295
0.1064
0.1167
0.7795
0.7846
0.1098
0.0817
0.0763
0.1192
0.8268
0.8222
0.8799
0.1781
0.0549
0.0375
0.0481
0.8388
0.0754
0.0732
0.1461
0.9255
0.0430
0.0262
0.0186
0.0219
0.0511
0.9279
0.9520
0.9542
0.0577
0.0331
0.0400
0.0627
0.0584
0.9049
0.0667
0.0694
0.1554
0.9185
0.8624
0.0516
0.0413
0.0549
0.0925
0.8066
0.8323
0.8467
0.8445
0.8311
0.1673
0.0990
0.1140
0.0878
0.8214
0.0649
0.0604
0.0565
0.0441
0.0316
0.0327
0.0446
0.7507
0.0819
0.1351
0.2119
0.8715
0.0546
0.0362
0.0324
0.0389
0.0423
0.0416
0.0557
0.1206
0.1261
0.7985
0.7649
0.0816
0.0689
0.0880
0.8126
0.1604
0.1184
0.0898
0.0922
0.1700
0.2155
0.1738
0.7031
0.7036
0.2375
0.2085
0.3232
0.4090
0.8821
0.8286
0.8586
0.8914
0.8875
0.8434
0.8596
0.7935
0.7076
0.6810
0.1585
0.1451
0.1383
0.2099
0.7598
0.8393
0.8366
0.7192
0.1139
0.0783
0.0582
0.0593
0.0844
0.1882
0.8311
0.8233
0.8187
0.8489
0.9052
0.1261
0.0512
0.0376
0.0445
0.0778
0.0819
0.1248
0.1916
0.1577
0.1256
0.1078
0.1327
0.1722
0.6765
0.5927
0.6106
0.3344
0.2760
0.3009
0.1992
0.4976
0.1706
0.1924
0.5379
0.5659
0.2209
0.2340
0.2911
0.2841
0.4211
0.8681
0.8311
0.1761
0.1497
0.1908
0.8523
0.8517
0.1955
0.7085
0.6670
0.0873
0.1158
0.1872
0.1616
0.0653
0.0324
0.0290
0.0388
0.0758
0.0809
0.8053
0.8164
0.0912
0.0898
0.1228
0.9296
0.1236
0.0681
0.0972
0.9016
0.9111
0.9013
0.8977
0.8851
0.0577
0.0417
0.0526
0.0395
0.0492
0.0291
0.0204
0.0230
0.0260
0.0310
0.0513
0.8847
0.1796
0.1195
0.0693
0.0540
0.0666
0.6717
0.1374
0.7160
0.8069
0.2027
0.2181
0.1603
0.6918
0.7869
0.1992
0.1519
0.1844
0.2441
0.1981
0.2250
0.2858
0.2211
0.5425
0.5493
0.1946
0.1642
0.1743
0.2026
0.7634
0.2902
0.3221
0.7630
0.2424
0.3161
0.2880
0.7360
0.1286
0.1354
0.0756
0.0633
0.0713
0.0902
0.7052
0.7535
0.8331
0.8819
0.8860
0.3492
0.2804
0.8937
0.8943
0.8889
0.1450
0.0822
0.0963
0.0717
0.0947
0.7966
0.8222
0.0775
0.0426
0.0378
0.0524
0.0790
0.0651
0.0968
0.1043
0.8618
0.8931
0.0840
0.0753
0.1488
0.1610
0.8548
0.0353
0.0256
0.0276
0.0318
0.0382
0.0704
0.9236
0.9460
0.9498
0.9323
0.9229
0.9269
0.9173
0.9417
0.9517
0.9537
0.9389
0.8770
0.0401
0.0242
0.0223
0.0282
0.0180
0.0166
0.0212
0.0255
0.0306
0.0574
0.8894
0.9326
0.8889
0.8230
0.0536
0.0411
0.0373
0.0513
0.0652
0.0332
0.0294
0.0369
0.0235
0.0210
0.0247
0.0288
0.0444
0.0307
0.0301
0.0295
0.0389
0.0254
0.0249
0.0344
0.0484
0.0580
0.0582
0.0557
0.7362
0.0656
0.0571
0.0710
0.1481
0.2165
0.3045
0.7838
0.7844
0.1711
0.1324
0.1035
0.0872
0.0853
0.1199
0.1910
0.1520
0.8286
0.1170
0.1120
0.1947
0.8482
0.1026
0.0585
0.0601
0.1161
0.8833
0.8904
0.8475
0.8655
0.8970
0.9022
0.9186
0.9221
0.9179
0.9047
0.9074
0.9216
0.9214
0.9072
0.8644
0.8686
0.8232
0.8463
0.2875
0.8155
0.1621
0.1685
0.2695
0.7470
0.1991
0.1564
0.1779
0.6968
0.2297
0.2557
0.2816
0.1887
0.1834
0.2036
0.1296
0.1137
0.1126
0.1974
0.7793
0.8504
0.8590
0.8293
0.8106
0.2519
0.1632
0.1245
0.1479
0.2298
0.6350
0.5897
0.2578
0.2558
0.5812
0.5758
0.2672
0.2963
0.3433
0.2807
0.2991
0.3427
0.7943
0.8837
0.8624
