0.8343
0.8433
0.7403
0.6543
0.6567
0.6651
0.6536
0.6431
0.6957
0.8104
0.8305
0.7754
0.2939
0.2290
0.2689
0.2350
0.2662
0.2059
0.2294
0.6534
0.5834
0.5673
0.5859
0.6047
0.2210
0.1969
0.1726
0.1946
0.1009
0.0666
0.0528
0.0469
0.0453
0.0484
0.0583
0.0669
0.1046
0.8283
0.8293
0.8121
0.1226
0.1162
0.1772
0.1188
0.0661
0.0512
0.0493
0.0448
0.0483
0.0616
0.0754
0.1084
0.1807
0.1637
0.1427
0.1442
0.1377
0.1541
0.2056
0.1456
0.1318
0.5883
0.1409
0.1404
0.2157
0.6787
0.6624
0.7127
0.2644
0.3659
0.3206
0.1850
0.6489
0.6538
0.6922
0.7514
0.8444
0.8594
0.9094
0.9070
0.1151
0.0653
0.0489
0.0411
0.0469
0.0507
0.0679
0.7673
0.0992
0.0760
0.0692
0.0570
0.0540
0.0586
0.0757
0.1167
0.6641
0.7680
0.1826
0.1165
0.1031
0.1207
0.6966
0.2077
0.1080
0.0783
0.0799
0.1148
0.7117
0.8014
0.7012
0.6447
0.6444
0.6841
0.7763
0.7192
0.7312
0.8279
0.1655
0.0538
0.0316
0.0299
0.0423
0.1007
0.1037
0.0435
0.0428
0.0803
0.8785
0.9161
0.0723
0.0370
0.0315
0.0437
0.0829
0.9476
0.1576
0.0586
0.0722
0.8903
0.2168
0.9475
0.9257
0.8921
0.8831
0.1471
0.8936
0.1128
0.0761
0.1093
0.9474
0.0540
0.0370
0.0181
0.0207
0.0466
0.9525
0.1202
0.0357
0.0260
0.0320
0.0333
0.0271
0.0257
0.0273
0.0311
0.0377
0.0356
0.0366
0.0418
0.0551
0.0794
0.7339
0.0812
0.0740
0.0880
0.1397
0.8174
0.2060
0.1625
0.6544
0.6786
0.1122
0.0862
0.0971
0.1242
0.2356
0.7811
0.7699
0.8320
0.7354
0.6930
0.6872
0.1195
0.1040
0.1335
0.1034
0.1376
0.8027
0.8364
0.7201
0.0980
0.0732
0.0660
0.0642
0.0735
0.0822
0.1212
0.8652
0.8150
0.0864
0.0475
0.0381
0.0423
0.0464
0.0460
0.0649
0.0339
0.0282
0.0243
0.0317
0.0786
0.9404
0.9556
0.9123
0.8625
0.0556
0.0361
0.0385
0.0765
0.0922
0.8341
0.8823
0.8650
0.9013
0.1290
0.0870
0.1190
0.0942
0.0398
0.0358
0.0508
0.0370
0.0417
0.0692
0.0635
0.0863
0.8546
0.1149
0.1020
0.0908
0.0915
0.1228
0.1811
0.2882
0.8074
0.8163
0.3559
0.3010
0.1559
0.1225
0.1153
0.1281
0.1663
0.2701
0.2118
0.1299
0.1054
0.1024
0.1151
0.1502
0.7953
0.1338
0.0810
0.0725
0.0918
0.1698
0.8974
0.1246
0.0659
0.0586
0.0573
0.0813
0.8719
0.0773
0.0531
0.0662
0.0462
0.0504
0.0298
0.0363
0.0984
0.9129
0.9342
0.9547
0.0927
0.0388
0.0327
0.0312
0.0297
0.0385
0.0560
0.1005
0.9160
0.9004
0.0982
0.0688
0.0932
0.0827
0.1181
0.7845
0.6669
0.1116
0.1051
0.1697
0.8062
0.8412
0.7748
0.7934
0.8380
0.8248
0.8821
0.8859
0.8366
0.8500
0.1163
0.0714
0.0601
0.0636
0.0779
0.1123
0.2010
0.6580
0.6362
0.6519
0.5578
0.5361
0.5611
0.5977
0.7019
0.7024
0.3561
0.3115
0.2878
0.2907
0.5472
0.3697
0.2689
0.2232
0.2177
0.2417
0.3159
0.6231
0.6291
0.6540
0.3620
0.3036
0.2559
0.2477
0.2347
0.2503
0.3036
0.3821
0.6803
0.4624
0.3906
0.3705
0.3177
0.3487
0.6073
0.5985
0.3782
0.3449
0.3677
0.5191
0.5174
0.3603
0.3893
0.6600
0.6498
0.3359
0.2596
0.2485
0.2841
0.3593
0.3363
0.2999
0.3299
0.5947
0.3626
0.3623
0.5823
0.6083
0.6859
0.4190
0.3201
0.5563
0.6302
0.2185
0.1638
0.1638
0.1089
0.0974
0.1331
0.3083
0.8840
0.8898
0.2518
0.1977
0.1062
0.0626
0.0541
0.0569
0.0516
0.0533
0.0781
0.7237
0.7986
0.8718
0.8682
0.9061
0.8947
0.0858
0.0387
0.0304
0.0257
0.0281
0.0421
0.0394
0.0634
0.1514
0.9045
0.9262
0.9139
0.8479
0.1275
0.1540
0.1847
0.9306
0.9230
0.1127
0.0680
0.0270
0.0211
0.0251
0.0485
0.0637
0.0852
0.0695
0.0402
0.0465
0.8918
0.9217
0.9457
0.9502
0.0880
0.0737
0.0497
0.0497
0.0541
0.0261
0.0156
0.0152
0.0200
0.0354
0.0734
0.8696
0.8344
0.8731
0.8394
0.7079
0.6953
0.7903
0.1787
0.2317
0.2294
0.2163
0.9009
0.8906
0.1227
0.0859
0.7208
0.1675
0.8674
0.8501
0.8438
0.8865
0.8696
0.1668
0.7070
0.1209
0.1795
0.8651
0.8586
0.1265
0.0921
0.0929
0.1441
0.8752
0.8926
0.8572
0.8832
0.1360
0.0580
0.0400
0.0380
0.0477
0.0879
0.8564
0.8628
0.9005
0.9004
0.8638
0.8785
0.1149
0.0577
0.0494
0.0681
0.0545
0.0668
0.1274
0.1145
0.0972
0.7366
0.7266
0.1245
0.0872
0.0743
0.0777
0.0986
0.1215
0.1862
0.7567
0.6273
0.2087
0.1904
0.1668
0.1727
0.5395
0.2057
0.2322
0.3412
0.3465
0.3408
0.6848
0.6238
0.6653
0.6976
0.6165
0.1389
0.1162
0.0626
0.0532
0.0783
0.0774
0.1375
0.1492
0.1021
0.1533
0.8918
0.8259
0.0454
0.0369
0.0458
0.1021
0.0825
0.0749
0.8844
0.8796
0.8833
0.0905
0.1181
0.0642
0.0370
0.0387
0.0599
0.8104
0.8200
0.0993
0.0740
0.0764
0.0756
0.0632
0.0651
0.0588
0.0644
0.0797
0.0808
0.0905
0.1138
0.1601
0.6381
0.6939
0.4042
0.4523
0.7126
0.3894
0.3658
0.4103
0.6133
0.6223
0.6340
0.3240
0.2724
0.2795
0.2822
0.3205
0.5625
0.3247
0.3753
0.3121
0.3033
0.5772
0.3924
0.3642
0.3777
0.2491
0.1981
0.1784
0.1739
0.1769
0.1902
0.2227
0.2444
0.3152
0.2766
0.3329
0.6922
0.6671
0.5705
0.2339
0.2693
0.1916
0.1349
0.1355
0.2017
0.7737
0.7715
0.6549
0.6363
0.7146
0.7070
0.7721
0.7356
0.5792
0.5174
0.1616
0.1513
0.1809
0.2876
0.3054
0.3223
0.6792
0.6220
0.3860
0.2754
0.1864
0.1692
0.1768
0.1650
0.1664
0.1827
0.1748
0.5552
0.1344
0.0961
0.0855
0.1071
0.0689
0.0602
0.0479
0.0356
0.0357
0.0540
0.0985
0.9353
0.8935
0.0800
0.0401
0.0322
0.0404
0.8236
0.0514
0.0575
0.0295
0.0320
0.0863
0.9611
0.9631
0.9564
0.9569
0.0553
0.0236
0.0165
0.0156
0.0133
0.0134
0.0173
0.0340
0.1218
0.9395
0.8822
0.0598
0.0632
0.0336
0.0304
0.0397
0.0241
0.0221
0.0270
0.0362
0.0731
0.1796
0.8722
0.8986
0.8829
0.8214
0.8554
0.9049
0.8943
