0.8377
0.8468
0.7478
0.6740
0.7011
0.7530
0.7931
0.7422
0.7869
0.8297
0.7830
0.6168
0.5743
0.5935
0.6797
0.6466
0.7111
0.2833
0.6150
0.6835
0.1730
0.1270
0.1208
0.1188
0.1426
0.1640
0.1704
0.2146
0.1205
0.0844
0.0696
0.0628
0.0606
0.0636
0.0746
0.0825
0.1207
0.8196
0.8227
0.8167
0.1260
0.1163
0.1697
0.1089
0.0602
0.0481
0.0491
0.0485
0.0573
0.0823
0.1244
0.6459
0.7362
0.6477
0.6191
0.6377
0.6288
0.2039
0.2160
0.1354
0.1184
0.1346
0.1938
0.5306
0.6032
0.3485
0.5350
0.3599
0.3984
0.7175
0.4537
0.3181
0.2300
0.2126
0.2285
0.2761
0.3716
0.4007
0.4539
0.6778
0.3638
0.3170
0.2996
0.2992
0.3427
0.2850
0.2708
0.2491
0.2529
0.2349
0.2285
0.1956
0.1716
0.1558
0.1512
0.1619
0.2032
0.7384
0.2009
0.1236
0.0996
0.0958
0.1052
0.1312
0.0877
0.0703
0.0722
0.0978
0.1509
0.8513
0.7702
0.1124
0.0839
0.1001
0.1873
0.7974
0.8117
0.1923
0.1426
0.0536
0.0343
0.0331
0.0463
0.0987
0.0979
0.0440
0.0430
0.0820
0.8629
0.9147
0.0832
0.0396
0.0326
0.0438
0.0848
0.9408
0.1752
0.0651
0.0955
0.8969
0.9112
0.9345
0.9060
0.8709
0.8757
0.8756
0.8998
0.1667
0.0872
0.1187
0.9419
0.0582
0.0399
0.0185
0.0201
0.0442
0.9506
0.1171
0.0345
0.0251
0.0307
0.0322
0.0266
0.0260
0.0292
0.0368
0.0554
0.0746
0.7621
0.7458
0.7697
0.1100
0.0704
0.0619
0.0771
0.7739
0.1668
0.1914
0.0814
0.0568
0.0557
0.0671
0.0757
0.1003
0.1707
0.6704
0.7663
0.7002
0.2698
0.2835
0.1594
0.1211
0.1152
0.1404
0.1808
0.7730
0.6982
0.6993
0.7874
0.8317
0.1295
0.0756
0.0646
0.0715
0.0903
0.1277
0.1811
0.5773
0.6878
0.2936
0.2340
0.1905
0.1902
0.2197
0.2414
0.2437
0.2890
0.2214
0.2283
0.6764
0.2468
0.2189
0.2968
0.7967
0.2091
0.1184
0.0975
0.1034
0.1431
0.7926
0.1986
0.1972
0.8124
0.7876
0.8349
0.1863
0.1259
0.1751
0.1590
0.1020
0.7306
0.1452
0.1107
0.7694
0.1842
0.1427
0.1496
0.8588
0.7928
0.8061
0.0984
0.0584
0.0580
0.0743
0.1397
0.9333
0.9347
0.8762
0.0680
0.0337
0.0247
0.0186
0.0187
0.0263
0.0566
0.0359
0.0185
0.0158
0.0204
0.0527
0.9370
0.9720
0.9214
0.0385
0.0225
0.0228
0.0390
0.0736
0.0487
0.0376
0.8168
0.0278
0.0242
0.0325
0.0299
0.0490
0.9253
0.0667
0.0640
0.0343
0.0406
0.0799
0.8498
0.0754
0.1039
0.0719
0.0584
0.0759
0.8225
0.0710
0.0660
0.0692
0.0905
0.1873
0.8817
0.1229
0.1139
0.8148
0.1368
0.1501
0.8053
0.6736
0.0881
0.0776
0.1104
0.8478
0.2571
0.1683
0.2040
0.8327
0.2880
0.3902
0.3963
0.8009
0.8159
0.1349
0.0916
0.0888
0.6497
0.0744
0.0551
0.0490
0.0521
0.0680
0.1110
0.7601
0.0721
0.0718
0.0977
0.2542
0.8986
0.7932
0.7957
0.7982
0.0784
0.0604
0.0715
0.0395
0.0366
0.0594
0.8493
0.8952
0.9428
0.9349
0.9433
0.0721
0.0295
0.0213
0.0241
0.0304
0.0546
0.8207
0.8617
0.9213
0.9227
0.1285
0.0510
0.0457
0.0763
0.8670
0.1275
0.0854
0.0909
0.7956
0.0925
0.0814
0.1172
0.7742
0.8693
0.8612
0.1204
0.0789
0.0936
0.6669
0.7831
0.2192
0.1762
0.1758
0.7365
0.6556
0.6856
0.7031
0.7270
0.8194
0.8028
0.6696
0.6542
0.7450
0.1601
0.1438
0.8201
0.0827
0.0486
0.0452
0.0714
0.2287
0.9311
0.8982
0.9205
0.1192
0.0544
0.0473
0.0640
0.0823
0.6635
0.6383
0.1394
0.1894
0.8253
0.8258
0.8829
0.8621
0.1453
0.0920
0.0875
0.0881
0.1055
0.1588
0.1521
0.2029
0.2950
0.3305
0.7784
0.8034
0.7859
0.7870
0.8142
0.7868
0.8355
0.8305
0.2491
0.1850
0.0858
0.0693
0.0871
0.1729
0.8618
0.3097
0.2598
0.1330
0.1045
0.7391
0.7367
0.8055
0.8560
0.1720
0.1904
0.1710
0.2192
0.8916
0.1290
0.0680
0.0559
0.0660
0.0982
0.1682
0.7495
0.7482
0.8225
0.7891
0.6511
0.6442
0.7285
0.7336
0.8217
0.8290
0.7781
0.8456
0.2861
0.1108
0.0519
0.0429
0.0507
0.0914
0.1064
0.1407
0.8973
0.8758
0.0833
0.0594
0.0813
0.8266
0.2728
0.9131
0.1107
0.0948
0.8440
0.0864
0.1245
0.1132
0.0654
0.0773
0.0393
0.0205
0.0158
0.0156
0.0215
0.0518
0.9369
0.3207
0.9596
0.9541
0.9284
0.9331
0.9004
0.8576
0.1808
0.9208
0.0966
0.0969
0.9196
0.0424
0.0245
0.0248
0.0455
0.0405
0.0366
0.0514
0.7836
0.0799
0.0803
0.8106
0.1781
0.1240
0.7961
0.1331
0.7752
0.0583
0.0410
0.0374
0.0471
0.0891
0.0939
0.0953
0.8750
0.1101
0.1283
0.1760
0.1460
0.8299
0.1217
0.0594
0.0513
0.0777
0.0788
0.1406
0.1514
0.0990
0.1211
0.8286
0.0380
0.0269
0.0262
0.0376
0.0893
0.0768
0.0747
0.8973
0.8970
0.8939
0.0744
0.0958
0.0459
0.0230
0.0199
0.0240
0.0375
0.7828
0.0574
0.0488
0.0533
0.0533
0.0438
0.0436
0.0380
0.0400
0.0469
0.0457
0.0428
0.0492
0.0819
0.0855
0.1482
0.1873
0.2953
0.9033
0.8111
0.8023
0.8563
0.8272
0.1489
0.1438
0.0742
0.0518
0.0644
0.0879
0.8759
0.1018
0.0954
0.1225
0.0655
0.0522
0.0594
0.1063
0.0878
0.1006
0.0438
0.0321
0.0307
0.0366
0.0522
0.8034
0.0792
0.0689
0.1000
0.8435
0.8717
0.9259
0.9259
0.1377
0.1126
0.9099
0.0517
0.0318
0.0359
0.1006
0.9439
0.9448
0.8908
0.8769
0.9145
0.9116
0.9400
0.9352
0.1495
0.7998
0.0403
0.0349
0.0522
0.9000
0.0573
0.0460
0.0714
0.0768
0.1466
0.8948
0.0533
0.0370
0.0365
0.0359
0.0425
0.0599
0.0741
0.7662
0.1114
0.0986
0.1226
0.8124
0.2034
0.2195
0.6985
0.6391
0.6388
0.6790
0.6997
0.7661
0.2540
0.2062
0.6082
0.5841
0.1427
0.1077
0.0976
0.1035
0.1276
0.2067
0.4125
0.7573
0.6580
0.3298
0.3679
0.3205
0.3615
0.2731
0.2448
0.2073
0.2021
0.2277
0.2934
0.6137
0.3593
0.3352
0.5618
0.6075
0.3798
0.3573
0.6011
0.2648
0.2225
0.2303
0.2560
0.3578
0.6844
0.4031
0.4520
0.7050
0.6462
0.7021
0.8008
0.8244
