0.8410
0.8535
0.7582
0.6782
0.6937
0.7301
0.7644
0.8047
0.8777
0.8908
0.8747
0.4063
0.1712
0.1286
0.1472
0.6549
0.2182
0.1496
0.1505
0.7988
0.1211
0.0806
0.0729
0.0681
0.0797
0.0886
0.0892
0.1167
0.0649
0.0530
0.0617
0.6968
0.0706
0.0606
0.0721
0.0958
0.8191
0.8384
0.0762
0.0452
0.0401
0.0539
0.1217
0.1553
0.8871
0.8846
0.8937
0.8530
0.0626
0.0485
0.0493
0.0851
0.9024
0.1177
0.1134
0.7997
0.7734
0.1134
0.1294
0.0726
0.0705
0.6701
0.1009
0.1345
0.8293
0.7467
0.0965
0.0877
0.1014
0.1936
0.1704
0.0682
0.0493
0.0565
0.0893
0.6293
0.7806
0.7971
0.8564
0.8382
0.7108
0.7134
0.1521
0.0998
0.0849
0.0713
0.0747
0.1030
0.7431
0.7670
0.8309
0.7098
0.0804
0.0621
0.0723
0.1339
0.1351
0.1725
0.1048
0.0750
0.0665
0.0684
0.0813
0.1176
0.0783
0.0695
0.0864
0.6980
0.7510
0.8320
0.7474
0.0830
0.0632
0.0720
0.1238
0.8288
0.0792
0.0858
0.0850
0.0357
0.0249
0.0256
0.0377
0.0905
0.0892
0.0366
0.0358
0.0698
0.8930
0.9289
0.0644
0.0313
0.0256
0.0353
0.0725
0.9496
0.1584
0.0598
0.0910
0.9055
0.9153
0.9363
0.9075
0.8734
0.8785
0.8787
0.9025
0.1696
0.0885
0.1186
0.9417
0.0567
0.0380
0.0180
0.0198
0.0448
0.9496
0.1174
0.0336
0.0242
0.0288
0.0293
0.0239
0.0227
0.0246
0.0297
0.0405
0.0472
0.0663
0.7982
0.7912
0.0962
0.0625
0.0584
0.0900
0.8215
0.9157
0.9251
0.1262
0.0568
0.0438
0.0472
0.0475
0.0586
0.0991
0.7501
0.8350
0.2027
0.2097
0.8137
0.6806
0.1241
0.1139
0.1440
0.6736
0.2442
0.1848
0.1960
0.3062
0.7616
0.2205
0.1399
0.1097
0.1021
0.1032
0.1155
0.1263
0.1699
0.7592
0.6925
0.1604
0.1164
0.1321
0.7007
0.7456
0.7545
0.8179
0.1261
0.1066
0.1517
0.7287
0.1184
0.1592
0.1904
0.1092
0.0925
0.1047
0.1459
0.2410
0.6595
0.6097
0.3664
0.3985
0.3852
0.6977
0.4011
0.3958
0.7225
0.7134
0.3204
0.2644
0.2924
0.2527
0.2917
0.6591
0.6592
0.3328
0.3301
0.2464
0.2404
0.2493
0.5838
0.6301
0.6648
0.6966
0.4081
0.3555
0.2280
0.2165
0.2200
0.2520
0.2464
0.2641
0.3153
0.3965
0.3653
0.3145
0.5059
0.2831
0.2643
0.2774
0.3196
0.2567
0.2301
0.2500
0.5378
0.6310
0.7167
0.3447
0.2122
0.1762
0.1614
0.1924
0.6943
0.1997
0.1563
0.1856
0.1435
0.1494
0.0976
0.1052
0.1876
0.7582
0.7951
0.8603
0.2161
0.1207
0.1077
0.1046
0.1029
0.1285
0.1719
0.2549
0.7357
0.7438
0.3279
0.2833
0.6365
0.3175
0.6107
0.7147
0.2768
0.1595
0.1430
0.2117
0.7903
0.8273
0.7594
0.7724
0.8107
0.7878
0.8414
0.8356
0.2815
0.7823
0.1389
0.1404
0.2457
0.7297
0.7677
0.1720
0.1278
0.1336
0.1700
0.2160
0.1601
0.1427
0.1607
0.1962
0.3114
0.3012
0.1651
0.1454
0.1455
0.1676
0.6821
0.7604
0.6527
0.1445
0.1101
0.1421
0.6954
0.8123
0.7938
0.8222
0.7077
0.1210
0.0832
0.0866
0.1114
0.7156
0.7811
0.8275
0.8937
0.8927
0.1875
0.1267
0.0787
0.1188
0.8258
0.7726
0.7197
0.7217
0.7797
0.1185
0.0928
0.1410
0.8023
0.8901
0.8896
0.0987
0.0520
0.0516
0.0828
0.8724
0.1370
0.0903
0.0629
0.0776
0.0573
0.0672
0.0939
0.1527
0.8495
0.8341
0.1569
0.1129
0.1384
0.1167
0.7230
0.1707
0.0978
0.0675
0.0842
0.7453
0.8777
0.2895
0.1841
0.1471
0.0831
0.0541
0.0395
0.0423
0.0446
0.0671
0.7712
0.7909
0.8358
0.9029
0.9116
0.9440
0.9414
0.8458
0.0379
0.0236
0.0178
0.0200
0.0316
0.0321
0.0521
0.1070
0.1667
0.9155
0.8852
0.1215
0.1219
0.1850
0.2713
0.9116
0.8913
0.1414
0.0918
0.0761
0.1044
0.6849
0.8082
0.8202
0.8712
0.8560
0.1450
0.0834
0.0871
0.1212
0.7939
0.8481
0.8121
0.8502
0.8139
0.1532
0.1800
0.1029
0.0693
0.0703
0.0785
0.1198
0.7286
0.8258
0.8131
0.8689
0.2742
0.1327
0.1513
0.7511
0.7492
0.8432
0.8521
0.8097
0.8554
0.8347
0.1262
0.0758
0.0809
0.7253
0.1608
0.1318
0.1142
0.1849
0.1680
0.1013
0.7004
0.7457
0.7967
0.8762
0.8764
0.1409
0.1154
0.1515
0.8208
0.8848
0.9070
0.1992
0.1888
0.0884
0.0484
0.0394
0.0391
0.0467
0.0685
0.1409
0.1992
0.3809
0.8255
0.7382
0.7681
0.6969
0.6465
0.6196
0.1981
0.1205
0.1162
0.1812
0.1406
0.6739
0.0702
0.0546
0.0580
0.0666
0.1054
0.0808
0.1053
0.8027
0.8307
0.8970
0.0983
0.0573
0.0471
0.0379
0.0367
0.0439
0.0637
0.7633
0.1870
0.1740
0.1598
0.8276
0.2120
0.2881
0.8204
0.7051
0.1439
0.1361
0.0812
0.0855
0.1493
0.1890
0.9012
0.3365
0.2121
0.2445
0.7379
0.6684
0.6772
0.1019
0.1047
0.1740
0.1326
0.1060
0.7481
0.7382
0.7631
0.1154
0.1625
0.1063
0.0736
0.0882
0.6929
0.6953
0.7262
0.1347
0.1094
0.1179
0.7468
0.0898
0.0788
0.0629
0.0640
0.0739
0.0702
0.0680
0.0633
0.0726
0.1166
0.8474
0.8395
0.8818
0.8783
0.2002
0.1245
0.1669
0.1807
0.2434
0.8604
0.7277
0.6928
0.7252
0.1016
0.0825
0.0730
0.0969
0.8892
0.0943
0.0733
0.0714
0.1462
0.1867
0.9187
0.8435
0.8164
0.8041
0.7992
0.7857
0.0711
0.0548
0.0522
0.0857
0.0954
0.8106
0.8888
0.8834
0.1160
0.0850
0.1169
0.0994
0.6750
0.6741
0.7420
0.2435
0.2137
0.1206
0.1021
0.1896
0.7922
0.8591
0.8470
0.6787
0.1080
0.0870
0.0964
0.1461
0.7093
0.6455
0.6778
0.7788
0.7656
0.8483
0.1187
0.0449
0.0294
0.0259
0.0211
0.0199
0.0209
0.0187
0.0195
0.0258
0.0385
0.8834
0.0930
0.0508
0.0553
0.0828
0.9085
0.9046
0.9149
0.0898
0.0965
0.0534
0.0617
0.8295
0.0574
0.0702
0.0417
0.0449
0.0757
0.0651
0.7905
0.0891
0.1371
0.1137
0.0946
0.1258
0.0749
0.0657
0.0735
0.0927
0.0948
0.1010
0.1203
0.1661
0.2791
0.2659
0.2360
0.2724
0.6240
0.3178
0.3223
0.6021
0.2615
0.2221
0.2309
0.2583
0.3583
0.6941
0.4091
0.4674
0.7281
0.2850
0.2353
0.3990
0.7726
