0.7982
0.7564
0.3026
0.1869
0.2156
0.3000
0.6678
0.6115
0.4036
0.4616
0.6609
0.3257
0.2580
0.2534
0.3067
0.5370
0.3860
0.3334
0.3425
0.5743
0.3512
0.5157
0.3177
0.3143
0.5660
0.3535
0.3243
0.3408
0.2276
0.1721
0.1474
0.1364
0.1323
0.1340
0.1407
0.1271
0.1173
0.1127
0.0936
0.0842
0.0859
0.1072
0.1716
0.1292
0.0837
0.0800
0.1091
0.6694
0.1366
0.1604
0.7079
0.7412
0.7988
0.7214
0.7014
0.7219
0.7218
0.7563
0.2953
0.1740
0.6919
0.0962
0.0788
0.0930
0.1644
0.7072
0.6979
0.7564
0.8094
0.8956
0.9039
0.1586
0.0526
0.0357
0.0381
0.0562
0.1211
0.2027
0.8381
0.8211
0.6838
0.6639
0.6588
0.6510
0.7067
0.6014
0.5758
0.5802
0.6127
0.6145
0.6435
0.6314
0.6479
0.1261
0.0954
0.1028
0.7246
0.1498
0.0761
0.0554
0.0568
0.0796
0.1148
0.8651
0.1000
0.0630
0.0637
0.0991
0.7678
0.8363
0.7514
0.1141
0.0938
0.1427
0.8386
0.7754
0.7847
0.8410
0.8653
0.7476
0.0716
0.0619
0.1019
0.9081
0.2081
0.0711
0.0565
0.0926
0.8671
0.9113
0.0660
0.0328
0.0279
0.0426
0.1045
0.9466
0.9396
0.1224
0.1187
0.8778
0.2299
0.9340
0.9053
0.8640
0.8555
0.1674
0.8741
0.1844
0.1575
0.9025
0.9289
0.0785
0.0523
0.0242
0.0263
0.0598
0.9500
0.1461
0.0389
0.0246
0.0242
0.0219
0.0238
0.0311
0.0492
0.8296
0.0673
0.0447
0.0373
0.0398
0.0530
0.0806
0.8400
0.0657
0.0498
0.0481
0.0623
0.1051
0.0635
0.0483
0.0465
0.0525
0.0521
0.0605
0.0876
0.1251
0.2215
0.7176
0.1936
0.2423
0.1434
0.1233
0.1336
0.1761
0.5772
0.2864
0.2245
0.2300
0.3314
0.6685
0.5501
0.1972
0.1594
0.1523
0.1628
0.5382
0.1952
0.2018
0.2514
0.1875
0.1633
0.1379
0.1410
0.1722
0.2053
0.2281
0.3113
0.6145
0.5703
0.5571
0.1644
0.1734
0.2974
0.8124
0.6977
0.6343
0.6221
0.6357
0.6810
0.2172
0.1396
0.1650
0.7911
0.7677
0.8259
0.1988
0.1558
0.2283
0.2275
0.1485
0.1649
0.2519
0.1973
0.2005
0.2545
0.1948
0.1855
0.2318
0.1695
0.1519
0.1297
0.1087
0.1198
0.1475
0.2287
0.8541
0.8605
0.7866
0.7925
0.1243
0.0747
0.0736
0.1157
0.7577
0.8561
0.8212
0.1467
0.0943
0.1159
0.7375
0.7947
0.8593
0.7757
0.1103
0.0876
0.1369
0.8490
0.8900
0.8140
0.0921
0.0621
0.0556
0.0812
0.8508
0.0880
0.0707
0.0942
0.0740
0.0904
0.0606
0.0678
0.1133
0.0842
0.0893
0.1436
0.1194
0.1019
0.7935
0.1100
0.0911
0.1357
0.8437
0.8738
0.9068
0.8900
0.1038
0.0804
0.1334
0.8468
0.0889
0.0942
0.0524
0.0402
0.0527
0.1180
0.8578
0.8708
0.8425
0.8396
0.8687
0.8674
0.8880
0.8773
0.8134
0.8412
0.7393
0.1033
0.0682
0.0588
0.0653
0.0697
0.0906
0.1427
0.6333
0.7138
0.1700
0.1295
0.1483
0.2117
0.3243
0.3112
0.6800
0.6697
0.6791
0.6892
0.1653
0.1779
0.1274
0.6048
0.6224
0.6872
0.7416
0.8428
0.8466
0.8488
0.1426
0.1113
0.1195
0.7063
0.6930
0.6982
0.1684
0.2057
0.2673
0.2448
0.1542
0.1353
0.6298
0.7308
0.2951
0.1861
0.1164
0.0824
0.0879
0.0575
0.0638
0.1272
0.8757
0.9166
0.9188
0.8877
0.1051
0.0728
0.0981
0.8209
0.1342
0.0981
0.1060
0.1889
0.2446
0.6769
0.6657
0.6843
0.7801
0.7594
0.6140
0.6043
0.2002
0.1264
0.1188
0.1701
0.1276
0.1089
0.6442
0.7307
0.8577
0.8830
0.2314
0.2306
0.1316
0.0941
0.0986
0.1214
0.1230
0.1080
0.1036
0.1161
0.1716
0.7911
0.8101
0.8622
0.8386
0.1460
0.0871
0.0858
0.1031
0.6829
0.7926
0.1721
0.1906
0.2881
0.8382
0.8747
0.8690
0.8038
0.1847
0.2177
0.2318
0.8852
0.8792
0.1994
0.1663
0.0997
0.1245
0.6481
0.7818
0.7964
0.8553
0.8399
0.1702
0.0997
0.1016
0.1347
0.7715
0.8359
0.7968
0.8373
0.8002
0.1754
0.2139
0.1294
0.0870
0.0830
0.0796
0.0922
0.1429
0.8002
0.8065
0.8560
0.8226
0.6773
0.6662
0.7646
0.1895
0.2552
0.2632
0.2467
0.8791
0.8578
0.1363
0.0973
0.6517
0.1807
0.8322
0.8071
0.8091
0.8675
0.8514
0.1768
0.6869
0.1318
0.1981
0.8700
0.8598
0.1347
0.0998
0.1054
0.1681
0.8595
0.8648
0.8226
0.8517
0.7755
0.6548
0.1109
0.0920
0.1025
0.1693
0.7623
0.7625
0.8352
0.8225
0.7569
0.2799
0.1498
0.0994
0.1181
0.7715
0.7004
0.1333
0.1615
0.0953
0.0623
0.0660
0.1001
0.8280
0.1531
0.7030
0.1178
0.1416
0.7255
0.7535
0.8596
0.1290
0.0748
0.0644
0.0592
0.0838
0.7897
0.8080
0.8368
0.8831
0.8397
0.8384
0.8825
0.8581
0.8803
0.8888
0.0827
0.0522
0.0616
0.0518
0.0841
0.8334
0.8275
0.8735
0.3631
0.3177
0.8716
0.2408
0.8387
0.1070
0.0771
0.0889
0.1678
0.1513
0.1208
0.6598
0.6188
0.1345
0.1485
0.2468
0.2066
0.1351
0.1183
0.1230
0.1411
0.1755
0.5555
0.5470
0.5578
0.2244
0.1973
0.1993
0.1830
0.1814
0.1914
0.1810
0.1968
0.2638
0.6619
0.6497
0.7206
0.7087
0.7680
0.7504
0.6447
0.6301
0.6932
0.6593
0.6984
0.7168
0.6043
0.5703
0.2822
0.2992
0.6745
0.5842
0.2402
0.2683
0.1747
0.1521
0.1554
0.2347
0.2253
0.7553
0.6262
0.0992
0.0692
0.0648
0.0741
0.7085
0.0888
0.0632
0.0602
0.0641
0.1018
0.9155
0.2039
0.0850
0.0873
0.8751
0.1019
0.0772
0.1368
0.9034
0.9107
0.8988
0.8615
0.8585
0.9166
0.9352
0.9419
0.1598
0.0342
0.0175
0.0142
0.0148
0.0193
0.0345
0.0335
0.0806
0.9623
0.9659
0.9728
0.9445
0.0447
0.0247
0.0215
0.0180
0.0168
0.0175
0.0157
0.0167
0.0208
0.0258
0.0426
0.1052
0.8219
0.8029
0.7784
0.7368
0.0809
0.0775
0.0910
0.1956
0.8606
0.8102
0.0692
0.0575
0.0765
0.8550
0.8598
0.8398
0.0661
0.0594
0.0987
0.9429
0.1430
0.0832
0.0819
0.0374
0.0280
0.0275
0.0307
0.0283
0.0291
0.0358
0.0583
0.1309
0.8455
0.1261
0.1328
0.8043
0.1788
0.1915
0.7335
0.6064
0.1612
0.1564
0.1928
0.6867
0.7827
0.7904
0.8488
0.8503
0.8157
0.8674
0.9089
0.8767
