0.8282
0.8315
0.7154
0.6228
0.6159
0.6209
0.6709
0.6180
0.3962
0.4689
0.7107
0.5673
0.5173
0.5056
0.2873
0.3013
0.6079
0.2881
0.2585
0.2824
0.2088
0.1885
0.2042
0.2342
0.6511
0.7054
0.3177
0.3035
0.1651
0.1142
0.0927
0.0828
0.0787
0.0805
0.0908
0.0972
0.1328
0.7647
0.7687
0.7523
0.1403
0.1329
0.1927
0.1403
0.0877
0.0748
0.0784
0.0797
0.0940
0.1246
0.1542
0.2069
0.2588
0.1991
0.1792
0.1979
0.2282
0.2652
0.7811
0.2636
0.1385
0.1146
0.1372
0.6439
0.2817
0.2401
0.6740
0.7231
0.7809
0.8792
0.4344
0.2276
0.6788
0.0717
0.0540
0.0600
0.1053
0.1343
0.2332
0.2524
0.1818
0.2027
0.2275
0.2411
0.2782
0.2592
0.2518
0.2564
0.2768
0.2717
0.2741
0.2462
0.2271
0.2180
0.2220
0.2444
0.3039
0.6024
0.3129
0.2422
0.2238
0.2539
0.5652
0.3473
0.2271
0.1674
0.1546
0.1868
0.6011
0.7119
0.6303
0.5880
0.5955
0.6428
0.7394
0.6897
0.7085
0.8019
0.2102
0.0732
0.0444
0.0422
0.0581
0.1204
0.1182
0.0528
0.0501
0.0900
0.8454
0.9003
0.0887
0.0442
0.0379
0.0516
0.0959
0.9334
0.1966
0.0771
0.1063
0.8807
0.8930
0.9240
0.8937
0.8559
0.8608
0.8594
0.8889
0.1781
0.0962
0.1264
0.9370
0.0676
0.0495
0.0236
0.0266
0.0549
0.9466
0.1505
0.0478
0.0334
0.0401
0.0407
0.0328
0.0308
0.0322
0.0361
0.0437
0.0430
0.0464
0.0561
0.0773
0.1167
0.6399
0.1430
0.1384
0.1561
0.2133
0.3192
0.2594
0.2367
0.2487
0.2363
0.2038
0.2044
0.2413
0.2854
0.6820
0.3195
0.2817
0.3185
0.2414
0.2138
0.1906
0.2038
0.2276
0.7176
0.2678
0.2519
0.2823
0.3088
0.1801
0.0992
0.0759
0.0698
0.0709
0.0805
0.0907
0.1390
0.8588
0.8196
0.1198
0.0634
0.0514
0.0559
0.0593
0.0579
0.0729
0.0407
0.0327
0.0276
0.0341
0.0806
0.9221
0.9519
0.9146
0.8532
0.0586
0.0398
0.0470
0.0933
0.1133
0.8548
0.8935
0.8802
0.9110
0.1309
0.0754
0.0984
0.0785
0.0355
0.0330
0.0478
0.0361
0.0420
0.0720
0.0678
0.0929
0.8455
0.1347
0.1274
0.1223
0.1012
0.1129
0.1382
0.2000
0.8851
0.8836
0.7976
0.0869
0.0497
0.0391
0.0308
0.0308
0.0408
0.0825
0.0549
0.0290
0.0252
0.0322
0.0674
0.9175
0.9458
0.8969
0.0471
0.0276
0.0270
0.0472
0.0929
0.0729
0.0596
0.7834
0.0544
0.0512
0.0692
0.0605
0.0795
0.8605
0.1060
0.1065
0.0633
0.0744
0.1306
0.8171
0.1770
0.1840
0.0909
0.0523
0.0466
0.0404
0.0335
0.0364
0.0408
0.0477
0.0918
0.0830
0.0379
0.0390
0.0758
0.0871
0.8601
0.8966
0.0775
0.0443
0.0474
0.1037
0.9200
0.9214
0.1952
0.2405
0.9117
0.8992
0.9277
0.9261
0.8933
0.9079
0.8621
0.8652
0.1941
0.0970
0.7830
0.0402
0.0318
0.0372
0.0706
0.8649
0.7826
0.0763
0.0798
0.1317
0.9136
0.9185
0.8446
0.0757
0.0536
0.0414
0.0346
0.0403
0.0242
0.0214
0.0255
0.0458
0.0552
0.1105
0.1241
0.1328
0.0691
0.0490
0.0487
0.0588
0.0657
0.7552
0.1106
0.1573
0.9165
0.9250
0.1551
0.1015
0.0575
0.0802
0.0723
0.0329
0.0184
0.0180
0.0262
0.0187
0.0248
0.0706
0.9457
0.9705
0.9655
0.8998
0.0446
0.0327
0.0492
0.9347
0.0510
0.0259
0.0227
0.0346
0.0333
0.0352
0.0462
0.0818
0.1739
0.8904
0.7489
0.1074
0.1426
0.7384
0.1151
0.1505
0.6939
0.0744
0.0734
0.1173
0.8654
0.9032
0.2696
0.2135
0.1307
0.1043
0.0433
0.0306
0.0211
0.0180
0.0186
0.0261
0.0651
0.9467
0.9519
0.9676
0.9564
0.0549
0.0249
0.0201
0.0186
0.0218
0.0347
0.0343
0.0536
0.0984
0.1358
0.2370
0.8834
0.7975
0.8205
0.8552
0.8422
0.8924
0.9067
0.1155
0.0679
0.0253
0.0193
0.0235
0.0517
0.0741
0.1076
0.0886
0.0475
0.0500
0.8994
0.9139
0.9376
0.9462
0.0961
0.0856
0.0583
0.0576
0.0641
0.0335
0.0199
0.0184
0.0216
0.0309
0.0471
0.1065
0.1497
0.2086
0.1840
0.1050
0.1107
0.1812
0.2175
0.3516
0.7450
0.3969
0.7429
0.7059
0.2945
0.1830
0.1679
0.1972
0.2920
0.2947
0.2921
0.3835
0.3457
0.2085
0.1878
0.2405
0.5857
0.6976
0.7184
0.6212
0.6159
0.6361
0.6787
0.7979
0.8207
0.7604
0.7853
0.6811
0.5686
0.1103
0.0797
0.0710
0.0815
0.1392
0.1630
0.2749
0.9144
0.1526
0.1396
0.0778
0.0611
0.0853
0.8560
0.8012
0.0985
0.1132
0.0593
0.0350
0.0313
0.0374
0.0589
0.0438
0.0437
0.0461
0.0773
0.8365
0.8564
0.9105
0.0948
0.0510
0.0416
0.0387
0.0604
0.8485
0.8825
0.2807
0.9306
0.8906
0.8878
0.9190
0.3290
0.9336
0.9290
0.0653
0.0368
0.0385
0.0309
0.0604
0.9269
0.9298
0.9494
0.1634
0.0649
0.0557
0.0281
0.0236
0.0205
0.0238
0.0374
0.0894
0.0863
0.0736
0.7287
0.6862
0.0826
0.0897
0.1569
0.1373
0.1112
0.6641
0.6636
0.6922
0.7142
0.1176
0.0822
0.0724
0.0618
0.0655
0.0836
0.0950
0.7289
0.1000
0.0630
0.0505
0.0543
0.0870
0.0899
0.1534
0.1934
0.3030
0.9005
0.8091
0.8003
0.8548
0.8256
0.1578
0.1511
0.0777
0.0532
0.0652
0.0882
0.8496
0.1023
0.0974
0.1356
0.0971
0.0883
0.1189
0.8640
0.2377
0.8844
0.1043
0.0675
0.0633
0.6780
0.0509
0.0376
0.0344
0.0332
0.0451
0.0794
0.2588
0.9454
0.9258
0.0869
0.0580
0.0821
0.0662
0.7857
0.0838
0.1631
0.9279
0.9220
0.8615
0.8559
0.9068
0.9032
0.9399
0.1433
0.0289
0.0151
0.0124
0.0132
0.0177
0.0318
0.0314
0.0779
0.9638
0.9688
0.9748
0.9460
0.0443
0.0245
0.0216
0.0184
0.0171
0.0170
0.0147
0.0149
0.0184
0.0244
0.0495
0.9358
0.0629
0.0510
0.0448
0.0475
0.7814
0.0557
0.0543
0.0881
0.0660
0.0762
0.0341
0.0258
0.0244
0.0251
0.0270
0.0299
0.0352
0.0494
0.0964
0.8906
0.8746
0.8383
0.8522
0.1370
0.0841
0.0739
0.0818
0.0780
0.0820
0.0983
0.1388
0.2433
0.2307
0.1973
0.2304
0.3326
0.5797
0.2766
0.3155
0.2270
0.2082
0.2311
0.2659
0.3695
0.6976
0.4105
0.4663
0.7410
0.6430
0.3100
0.4366
0.7750
