0.8413
0.8530
0.7489
0.6502
0.6376
0.6439
0.7078
0.7821
0.8749
0.8956
0.8814
0.8256
0.6679
0.6350
0.7024
0.6512
0.7088
0.2092
0.1734
0.1918
0.1319
0.1160
0.1223
0.1269
0.1581
0.1852
0.1926
0.2345
0.1296
0.0887
0.0716
0.0637
0.0608
0.0634
0.0739
0.0819
0.1194
0.7956
0.7954
0.7793
0.1372
0.1292
0.1874
0.1277
0.0731
0.0587
0.0599
0.0600
0.0723
0.1043
0.1521
0.6442
0.7363
0.2388
0.1633
0.1477
0.1369
0.1520
0.2023
0.1447
0.1320
0.5823
0.1415
0.1408
0.2174
0.6793
0.6641
0.7133
0.2668
0.3669
0.3205
0.1854
0.6486
0.6552
0.6941
0.7538
0.8459
0.8611
0.9105
0.9081
0.1202
0.0670
0.0488
0.0403
0.0458
0.0499
0.0678
0.7629
0.1009
0.0776
0.0713
0.0596
0.0574
0.0631
0.0817
0.1257
0.6497
0.7556
0.2000
0.1298
0.1149
0.1335
0.6784
0.2269
0.1206
0.0877
0.0882
0.1235
0.6967
0.7923
0.6912
0.6351
0.6352
0.6748
0.7686
0.7121
0.7250
0.8230
0.1687
0.0546
0.0320
0.0303
0.0430
0.1016
0.1049
0.0443
0.0436
0.0813
0.8768
0.9149
0.0734
0.0376
0.0320
0.0445
0.0838
0.9468
0.1589
0.0593
0.0727
0.8892
0.2169
0.9468
0.9246
0.8904
0.8811
0.1474
0.8916
0.1144
0.0777
0.1112
0.9470
0.0562
0.0390
0.0192
0.0221
0.0492
0.9512
0.1323
0.0406
0.0297
0.0367
0.0382
0.0310
0.0293
0.0308
0.0347
0.0417
0.0395
0.0412
0.0482
0.0651
0.0979
0.6621
0.1216
0.1175
0.1402
0.2216
0.7116
0.6297
0.2331
0.1912
0.1823
0.1720
0.1955
0.5937
0.6381
0.7289
0.6445
0.6384
0.7246
0.2066
0.1409
0.1315
0.1709
0.6574
0.7577
0.7120
0.7562
0.7976
0.8165
0.6789
0.0774
0.0485
0.0402
0.0405
0.0486
0.0585
0.0980
0.8987
0.8451
0.0766
0.0416
0.0341
0.0397
0.0456
0.0469
0.0657
0.0337
0.0267
0.0218
0.0271
0.0698
0.9448
0.9630
0.9280
0.8768
0.0486
0.0332
0.0374
0.0738
0.0869
0.8675
0.9054
0.8903
0.9168
0.1004
0.0635
0.0866
0.0692
0.0305
0.0286
0.0422
0.0322
0.0381
0.0658
0.0558
0.0686
0.1033
0.0763
0.0845
0.1048
0.7789
0.8108
0.8512
0.8905
0.3325
0.2178
0.0824
0.0698
0.0696
0.6526
0.0800
0.0894
0.1446
0.8240
0.7682
0.6696
0.6367
0.6368
0.6536
0.6969
0.1983
0.1044
0.0840
0.1073
0.6222
0.7447
0.8185
0.6986
0.6470
0.6465
0.1235
0.1156
0.1493
0.1336
0.1738
0.7419
0.2636
0.2909
0.6360
0.6507
0.2040
0.1259
0.1168
0.1705
0.1381
0.1140
0.7528
0.1150
0.0965
0.1406
0.8229
0.8566
0.8925
0.8722
0.1115
0.0911
0.1474
0.8231
0.1054
0.1168
0.0692
0.0558
0.0740
0.1598
0.8223
0.8421
0.3897
0.4146
0.8151
0.8064
0.8308
0.8032
0.7142
0.3110
0.1761
0.1441
0.1237
0.1268
0.6113
0.1312
0.1198
0.1459
0.6754
0.7530
0.1157
0.0846
0.1083
0.2029
0.8836
0.8603
0.7538
0.0885
0.0690
0.0608
0.0577
0.0769
0.0557
0.0679
0.7265
0.7843
0.1371
0.2091
0.2221
0.9105
0.0780
0.0481
0.0390
0.0503
0.0830
0.8203
0.8646
0.9004
0.9216
0.9136
0.1904
0.1258
0.8158
0.8754
0.9168
0.9081
0.9047
0.1864
0.2193
0.8146
0.8047
0.8498
0.8798
0.2228
0.1133
0.0319
0.0257
0.0372
0.7861
0.1288
0.1027
0.0897
0.7960
0.8523
0.0861
0.0636
0.0565
0.0637
0.1242
0.1377
0.0852
0.7797
0.1214
0.0693
0.0645
0.1035
0.0748
0.0696
0.7974
0.8566
0.9288
0.9388
0.1628
0.1361
0.0613
0.0374
0.0412
0.0602
0.7341
0.0552
0.0465
0.0537
0.0971
0.8543
0.8514
0.9072
0.3009
0.1152
0.0940
0.6967
0.0937
0.0948
0.1337
0.1410
0.2462
0.8080
0.7911
0.8502
0.8422
0.7771
0.7988
0.8375
0.8188
0.8644
0.8661
0.2162
0.1448
0.0618
0.0492
0.0595
0.1165
0.1531
0.2017
0.1723
0.0979
0.0847
0.7856
0.7883
0.8520
0.8958
0.1457
0.1435
0.1044
0.1048
0.1135
0.0591
0.0362
0.0347
0.0443
0.0733
0.1481
0.8086
0.8330
0.8512
0.8011
0.6545
0.6440
0.7295
0.7407
0.8327
0.8446
0.8004
0.8442
0.8188
0.1850
0.6070
0.0836
0.0798
0.1173
0.1113
0.1084
0.1831
0.1691
0.1013
0.6919
0.7371
0.7875
0.8695
0.8684
0.1455
0.1185
0.1511
0.7884
0.8592
0.8805
0.2212
0.2243
0.1252
0.0891
0.0968
0.5534
0.1789
0.6460
0.7611
0.8021
0.8704
0.8815
0.8564
0.8415
0.7398
0.6577
0.6646
0.7427
0.6655
0.1882
0.2231
0.1271
0.1043
0.1045
0.1188
0.1452
0.1527
0.1649
0.1681
0.1759
0.1744
0.1975
0.2651
0.2018
0.1893
0.2120
0.5483
0.5416
0.5465
0.2037
0.2129
0.7153
0.2253
0.2020
0.2793
0.2942
0.3303
0.8232
0.7136
0.7116
0.1349
0.0686
0.0617
0.0950
0.1012
0.1740
0.1856
0.1305
0.1795
0.8186
0.7586
0.0637
0.0494
0.0598
0.1147
0.0932
0.0845
0.8380
0.8461
0.8555
0.0960
0.1331
0.0744
0.0434
0.0432
0.0624
0.7801
0.7856
0.0915
0.0673
0.0691
0.0669
0.0537
0.0520
0.0442
0.0452
0.0514
0.0510
0.0481
0.0555
0.0909
0.0947
0.1597
0.2000
0.3104
0.8966
0.8028
0.7919
0.8473
0.8171
0.1567
0.1503
0.0775
0.0533
0.0654
0.0878
0.8506
0.1223
0.1279
0.8537
0.0948
0.0640
0.0642
0.1048
0.0905
0.1173
0.0658
0.0613
0.0591
0.6951
0.0575
0.0510
0.0624
0.0864
0.8723
0.1147
0.1526
0.9062
0.8966
0.1101
0.0934
0.8895
0.0696
0.0396
0.0419
0.0848
0.1080
0.0867
0.0672
0.8743
0.9290
0.9276
0.9539
0.1524
0.0291
0.0149
0.0123
0.0132
0.0177
0.0315
0.0313
0.0778
0.9620
0.9679
0.9737
0.9448
0.0439
0.0238
0.0209
0.0180
0.0173
0.0182
0.0180
0.0254
0.0544
0.8754
0.8922
0.9135
0.0756
0.0545
0.0475
0.0493
0.0595
0.8395
0.0969
0.1266
0.0793
0.0897
0.8051
0.8098
0.7945
0.0694
0.0428
0.0342
0.0347
0.0468
0.0958
0.9271
0.9197
0.1349
0.1246
0.0589
0.0480
0.0384
0.0375
0.0321
0.0317
0.0371
0.0535
0.1066
0.1018
0.0935
0.1230
0.7911
0.1799
0.1674
0.2080
0.1470
0.1379
0.1565
0.1770
0.2525
0.3632
0.3892
0.7437
0.7358
0.6678
0.7228
0.8184
0.8385
