0.8305
0.8382
0.7273
0.6279
0.6082
0.5998
0.6217
0.6464
0.7274
0.7765
0.4671
0.2906
0.2180
0.2159
0.2597
0.5326
0.5852
0.3474
0.3268
0.3513
0.2838
0.2644
0.2747
0.2834
0.3226
0.3549
0.3829
0.6227
0.5559
0.3122
0.2647
0.2548
0.2716
0.2798
0.3067
0.3081
0.2773
0.2638
0.2360
0.2294
0.2443
0.2945
0.4029
0.6369
0.3603
0.2764
0.2703
0.5262
0.5439
0.5680
0.2327
0.1990
0.2118
0.1460
0.1269
0.1413
0.1666
0.2122
0.8182
0.1980
0.0948
0.0787
0.1020
0.6903
0.2373
0.2092
0.7198
0.7648
0.8149
0.8972
0.4439
0.2357
0.7353
0.0734
0.0572
0.0623
0.0992
0.1071
0.1689
0.1714
0.1144
0.1282
0.1476
0.1591
0.1903
0.2050
0.1989
0.2044
0.2331
0.2558
0.3128
0.2307
0.1904
0.1514
0.1405
0.1549
0.2110
0.7043
0.6333
0.5807
0.1882
0.1925
0.6508
0.7542
0.6793
0.6342
0.1519
0.1602
0.7355
0.8398
0.1398
0.0726
0.0587
0.0684
0.1091
0.1086
0.1461
0.2032
0.2398
0.1705
0.1680
0.2096
0.3053
0.4190
0.4312
0.3446
0.3241
0.3161
0.3089
0.3419
0.2762
0.2603
0.2866
0.3226
0.3618
0.4421
0.6677
0.3724
0.3377
0.3359
0.3700
0.6544
0.3757
0.2754
0.2397
0.2225
0.2676
0.6926
0.6724
0.2952
0.2807
0.1521
0.1043
0.0892
0.0979
0.1500
0.3517
0.8686
0.7743
0.7118
0.1396
0.0936
0.0822
0.0849
0.0937
0.1108
0.1416
0.1704
0.5754
0.2234
0.1812
0.1634
0.1348
0.1220
0.1349
0.2027
0.4227
0.8592
0.7532
0.6823
0.6601
0.1329
0.0869
0.0787
0.0991
0.1313
0.2086
0.2000
0.2344
0.3354
0.2718
0.2467
0.2188
0.2242
0.2279
0.2765
0.2414
0.2688
0.3207
0.3586
0.2302
0.1341
0.1057
0.0976
0.0978
0.1081
0.1169
0.1645
0.8343
0.7983
0.1353
0.0734
0.0595
0.0641
0.0676
0.0657
0.0815
0.0462
0.0373
0.0319
0.0392
0.0874
0.9056
0.9387
0.8927
0.8262
0.0715
0.0497
0.0582
0.1089
0.1269
0.8362
0.8807
0.8670
0.9003
0.1467
0.0842
0.1077
0.0854
0.0388
0.0356
0.0513
0.0391
0.0455
0.0756
0.0646
0.0778
0.1078
0.0835
0.0960
0.1298
0.8069
0.8114
0.8340
0.8761
0.2972
0.2015
0.0739
0.0574
0.0475
0.0493
0.0496
0.0626
0.1021
0.9219
0.1338
0.0557
0.0378
0.0344
0.0377
0.0504
0.0876
0.0685
0.7535
0.0534
0.0494
0.0709
0.0962
0.0428
0.0296
0.0298
0.0319
0.0502
0.9187
0.0477
0.0340
0.0441
0.0298
0.0341
0.0198
0.0260
0.0876
0.9363
0.9585
0.9654
0.0804
0.0306
0.0240
0.0207
0.0180
0.0223
0.0343
0.0743
0.9538
0.9450
0.0576
0.0369
0.0493
0.0437
0.0673
0.8896
0.0853
0.0488
0.0505
0.0959
0.8553
0.8654
0.8068
0.8241
0.8598
0.8458
0.8981
0.9078
0.8787
0.9035
0.0850
0.0508
0.0317
0.0269
0.0274
0.0335
0.0537
0.1276
0.8193
0.8300
0.0867
0.0615
0.0747
0.1248
0.8598
0.8446
0.7544
0.0950
0.0711
0.0647
0.0715
0.1395
0.1253
0.0572
0.6671
0.0432
0.0463
0.0888
0.0983
0.0838
0.0290
0.0209
0.0251
0.0480
0.8641
0.8749
0.0726
0.0718
0.1337
0.0890
0.0261
0.0215
0.0451
0.9282
0.9666
0.9512
0.0916
0.0846
0.9309
0.0406
0.0279
0.0233
0.0249
0.0439
0.0350
0.0148
0.0121
0.0143
0.0244
0.0441
0.0328
0.0274
0.0411
0.9031
0.0436
0.0343
0.0309
0.0341
0.0667
0.0652
0.0318
0.0309
0.0424
0.0299
0.0344
0.0651
0.0496
0.0513
0.8526
0.9040
0.9489
0.9518
0.1547
0.1262
0.0571
0.0333
0.0339
0.0468
0.0561
0.7511
0.0555
0.0492
0.0602
0.1180
0.1575
0.2062
0.1842
0.1151
0.1315
0.1743
0.2385
0.2043
0.2584
0.2411
0.3290
0.7089
0.6750
0.7357
0.7304
0.6641
0.6864
0.7323
0.7165
0.7716
0.7721
0.2166
0.1446
0.0644
0.0467
0.0510
0.0965
0.1286
0.1796
0.1536
0.0827
0.0701
0.8503
0.8578
0.8923
0.9129
0.1490
0.1420
0.1045
0.1057
0.1213
0.0692
0.0436
0.0436
0.0566
0.0940
0.1591
0.7678
0.7158
0.7444
0.6854
0.2573
0.2296
0.3068
0.3358
0.4284
0.6921
0.3969
0.4353
0.4209
0.3469
0.5272
0.5174
0.5449
0.6010
0.3797
0.3668
0.4210
0.3965
0.2639
0.2299
0.2631
0.3119
0.4146
0.4153
0.3253
0.3160
0.3368
0.3733
0.6698
0.4276
0.4033
0.4327
0.6256
0.3133
0.2305
0.1983
0.2029
0.2430
0.3459
0.3649
0.4344
0.4315
0.3647
0.3881
0.3069
0.2517
0.2706
0.6224
0.2695
0.2590
0.3159
0.2154
0.1704
0.1545
0.1533
0.1606
0.1445
0.1352
0.1222
0.1342
0.1593
0.1771
0.7400
0.1438
0.0978
0.0923
0.0866
0.0962
0.6937
0.2467
0.2380
0.8399
0.7480
0.7537
0.8252
0.2452
0.2935
0.8361
0.1602
0.1380
0.1746
0.1459
0.1833
0.7214
0.3068
0.4187
0.4185
0.3329
0.7068
0.1955
0.1438
0.1348
0.1673
0.2685
0.7362
0.2252
0.1100
0.0783
0.0766
0.0965
0.6498
0.7959
0.1912
0.6912
0.6571
0.0728
0.0562
0.0578
0.0853
0.0543
0.0436
0.0318
0.0293
0.0314
0.0286
0.0296
0.0342
0.0335
0.0408
0.7728
0.0393
0.0362
0.0560
0.0584
0.1180
0.2108
0.9347
0.9241
0.9379
0.9194
0.9338
0.9445
0.9030
0.0761
0.0405
0.0243
0.0250
0.0308
0.0660
0.9291
0.8707
0.0567
0.0510
0.0798
0.0748
0.8679
0.0742
0.0783
0.0404
0.0391
0.0590
0.0460
0.0546
0.0697
0.8269
0.1146
0.1535
0.8700
0.8696
0.2387
0.7748
0.8053
0.0970
0.0616
0.0599
0.0926
0.2283
0.8410
0.7426
0.7803
0.8762
0.9010
0.9109
0.2572
0.0644
0.0337
0.0268
0.0273
0.0346
0.0607
0.0561
0.0935
0.9244
0.9099
0.9394
0.8986
0.0542
0.0340
0.0313
0.0289
0.0305
0.0357
0.0356
0.0404
0.0512
0.0550
0.0592
0.0865
0.0575
0.0529
0.0426
0.0323
0.0333
0.0518
0.0983
0.9365
0.8944
0.0804
0.0401
0.0322
0.0406
0.8255
0.0511
0.0575
0.0293
0.0320
0.0877
0.9616
0.9639
0.9570
0.9571
0.0547
0.0232
0.0162
0.0152
0.0129
0.0129
0.0166
0.0325
0.1189
0.9415
0.8766
0.0542
0.0566
0.0297
0.0266
0.0341
0.0204
0.0187
0.0238
0.0362
0.0961
0.9142
0.9160
0.9427
0.9530
0.9575
0.9598
0.9572
0.9178
