0.8390
0.8496
0.7429
0.6414
0.6238
0.6181
0.6540
0.7003
0.8001
0.8667
0.8668
0.8143
0.6568
0.6256
0.6918
0.6434
0.7001
0.2259
0.1877
0.2077
0.1446
0.1317
0.1512
0.1868
0.7011
0.7440
0.2752
0.2742
0.1434
0.0993
0.0811
0.0724
0.0690
0.0712
0.0819
0.0892
0.1259
0.7850
0.7853
0.7714
0.1377
0.1299
0.1869
0.1260
0.0721
0.0588
0.0615
0.0622
0.0733
0.0986
0.1234
0.1695
0.2146
0.1590
0.1412
0.1582
0.1862
0.2271
0.8197
0.2229
0.1095
0.0906
0.1141
0.6831
0.2611
0.2278
0.7086
0.7514
0.8042
0.8941
0.4436
0.2166
0.6973
0.0618
0.0459
0.0504
0.0881
0.1081
0.1900
0.2030
0.1380
0.1554
0.1827
0.2091
0.6015
0.2497
0.2065
0.1960
0.2196
0.2408
0.2976
0.2160
0.1777
0.1410
0.1308
0.1448
0.1992
0.7111
0.6383
0.5855
0.1823
0.1851
0.6482
0.7532
0.6742
0.6270
0.1500
0.1610
0.7354
0.8392
0.1413
0.0734
0.0589
0.0682
0.1086
0.1076
0.1448
0.2014
0.2380
0.1680
0.1658
0.2076
0.3039
0.4188
0.4311
0.3439
0.3230
0.3148
0.3073
0.3404
0.2740
0.2569
0.2824
0.3174
0.3561
0.4392
0.6716
0.3664
0.3274
0.3245
0.3583
0.6642
0.3628
0.2560
0.2170
0.1975
0.2392
0.6838
0.6539
0.6541
0.7248
0.1877
0.1331
0.5835
0.1314
0.1645
0.2506
0.2272
0.1267
0.1438
0.7339
0.7099
0.7244
0.1488
0.1609
0.0994
0.0872
0.0834
0.7303
0.0657
0.0436
0.0360
0.0267
0.0232
0.0273
0.0549
0.2819
0.9657
0.9464
0.9238
0.8815
0.0498
0.0266
0.0218
0.0262
0.0314
0.0511
0.0402
0.0577
0.9345
0.0797
0.0789
0.0390
0.0363
0.0370
0.0571
0.0503
0.0725
0.1141
0.1585
0.1039
0.6372
0.0911
0.0884
0.0991
0.1110
0.1219
0.1635
0.8012
0.7424
0.1249
0.0736
0.0608
0.0665
0.0714
0.0698
0.0923
0.0503
0.0413
0.0357
0.0447
0.0942
0.9025
0.9250
0.8627
0.8043
0.0682
0.0466
0.0520
0.0988
0.1137
0.7967
0.8542
0.8377
0.8822
0.1588
0.1076
0.1431
0.1135
0.0499
0.0450
0.0641
0.0514
0.0640
0.1184
0.1335
0.6847
0.7614
0.6890
0.7020
0.1631
0.1145
0.1155
0.1385
0.2027
0.8841
0.8829
0.7954
0.0851
0.0490
0.0387
0.0305
0.0307
0.0406
0.0824
0.0546
0.0288
0.0250
0.0320
0.0670
0.9172
0.9453
0.8965
0.0469
0.0275
0.0271
0.0476
0.0940
0.0738
0.0601
0.7829
0.0547
0.0514
0.0695
0.0607
0.0796
0.8602
0.1061
0.1066
0.0635
0.0748
0.1320
0.8199
0.1791
0.1843
0.0899
0.0505
0.0438
0.0369
0.0297
0.0316
0.0355
0.0439
0.0925
0.1236
0.1049
0.0617
0.0856
0.0826
0.8516
0.8914
0.0747
0.0440
0.0477
0.1048
0.9194
0.9205
0.1977
0.2422
0.9104
0.8974
0.9266
0.9251
0.8918
0.9067
0.8601
0.8636
0.1955
0.0979
0.7837
0.0409
0.0326
0.0380
0.0713
0.8606
0.7774
0.0782
0.0819
0.1326
0.9103
0.9141
0.8345
0.0698
0.0486
0.0405
0.0411
0.0707
0.0595
0.0276
0.0261
0.0428
0.0490
0.1000
0.1174
0.1310
0.0698
0.0498
0.0496
0.0597
0.0665
0.7544
0.1114
0.1581
0.9158
0.9245
0.1560
0.1023
0.0581
0.0809
0.0730
0.0333
0.0186
0.0182
0.0265
0.0189
0.0249
0.0707
0.9452
0.9702
0.9653
0.8992
0.0447
0.0329
0.0494
0.9349
0.0512
0.0261
0.0228
0.0350
0.0337
0.0357
0.0469
0.0829
0.1757
0.8890
0.7465
0.1088
0.1442
0.7358
0.1168
0.1530
0.6907
0.0764
0.0757
0.1206
0.8609
0.8991
0.2782
0.2230
0.1382
0.1106
0.0460
0.0326
0.0225
0.0192
0.0198
0.0276
0.0668
0.9435
0.9485
0.9660
0.9553
0.0567
0.0258
0.0209
0.0194
0.0229
0.0366
0.0362
0.0566
0.1036
0.1433
0.2498
0.8803
0.7936
0.8158
0.8493
0.8327
0.8822
0.8976
0.1342
0.0794
0.0298
0.0225
0.0269
0.0576
0.0809
0.1161
0.0970
0.0526
0.0536
0.8900
0.8996
0.9259
0.9385
0.1111
0.0997
0.0686
0.0686
0.0778
0.0415
0.0252
0.0244
0.0312
0.0521
0.0966
0.8506
0.8163
0.8441
0.7868
0.1726
0.1470
0.2094
0.2379
0.3725
0.7252
0.3468
0.4044
0.4013
0.3366
0.5671
0.5803
0.6652
0.6817
0.3672
0.3179
0.4015
0.3656
0.2153
0.1829
0.2083
0.2487
0.3738
0.3704
0.2363
0.2132
0.2247
0.2639
0.7558
0.3652
0.2374
0.2405
0.1450
0.0836
0.0650
0.0632
0.0831
0.1190
0.8663
0.2527
0.3809
0.8862
0.8185
0.8452
0.7992
0.1852
0.1797
0.8004
0.6892
0.1339
0.1667
0.1134
0.0890
0.1027
0.1696
0.1427
0.1125
0.1159
0.1061
0.1147
0.1307
0.1441
0.8267
0.1102
0.0699
0.0628
0.0597
0.0752
0.7639
0.2214
0.2205
0.8639
0.7771
0.7830
0.8548
0.2004
0.2377
0.8900
0.0967
0.0698
0.0809
0.0650
0.0903
0.8251
0.1932
0.3172
0.3743
0.3849
0.8177
0.6401
0.5817
0.5749
0.1315
0.1404
0.8344
0.1440
0.0796
0.0515
0.0573
0.1083
0.1102
0.1628
0.8043
0.0654
0.0510
0.0527
0.0736
0.7702
0.7890
0.0809
0.0707
0.0591
0.0423
0.0364
0.0261
0.0223
0.0208
0.0164
0.0154
0.0182
0.0306
0.0318
0.0556
0.0806
0.2191
0.9605
0.9475
0.9415
0.9542
0.9293
0.1031
0.0801
0.0346
0.0216
0.0260
0.0424
0.9335
0.0469
0.0447
0.0798
0.8204
0.0346
0.0337
0.0545
0.0450
0.0532
0.0241
0.0180
0.0165
0.0171
0.0185
0.0212
0.0259
0.0259
0.0285
0.0295
0.0410
0.0912
0.1054
0.0668
0.0855
0.8972
0.1108
0.0566
0.0471
0.0601
0.1302
0.1482
0.0973
0.8018
0.8872
0.2348
0.9496
0.1441
0.0342
0.0175
0.0138
0.0144
0.0193
0.0363
0.0367
0.0865
0.9613
0.9596
0.9681
0.9388
0.0435
0.0238
0.0209
0.0191
0.0202
0.0239
0.0240
0.0287
0.0426
0.0659
0.8413
0.8892
0.1045
0.0784
0.0604
0.0540
0.0667
0.7527
0.1536
0.2441
0.8032
0.1213
0.0683
0.0551
0.0604
0.7867
0.0746
0.0826
0.0436
0.0439
0.0899
0.9355
0.9335
0.9208
0.9338
0.0802
0.0403
0.0320
0.0340
0.0312
0.0326
0.0405
0.0661
0.1557
0.7883
0.6992
0.7121
0.7877
0.7401
0.1878
0.1899
0.1088
0.1003
0.1186
0.1511
0.2686
0.7604
0.7545
0.8174
0.8184
0.7831
0.8413
0.8921
0.8631
