0.8265
0.8346
0.7450
0.6935
0.7409
0.7976
0.7721
0.4476
0.4626
0.5232
0.7836
0.7163
0.3446
0.2881
0.5030
0.3044
0.3413
0.2936
0.2989
0.3431
0.3015
0.3017
0.2980
0.2964
0.3503
0.5837
0.6003
0.6280
0.3388
0.2598
0.2241
0.2180
0.2402
0.5341
0.3021
0.2709
0.2158
0.1915
0.1548
0.1412
0.1470
0.1813
0.2716
0.2135
0.1329
0.1064
0.1007
0.0854
0.0798
0.0887
0.1001
0.1561
0.8312
0.7738
0.7593
0.7696
0.1555
0.1294
0.1492
0.0861
0.0630
0.0571
0.0617
0.0832
0.1474
0.1575
0.1600
0.1761
0.2115
0.3472
0.3232
0.1622
0.6267
0.0855
0.0660
0.0774
0.1389
0.1747
0.2051
0.1596
0.0916
0.1204
0.8224
0.8417
0.1742
0.0674
0.0443
0.0403
0.0455
0.0449
0.0496
0.0488
0.0702
0.8179
0.8352
0.1232
0.1775
0.9220
0.8813
0.8503
0.8235
0.1104
0.1796
0.9537
0.9503
0.0636
0.0362
0.0441
0.0300
0.0347
0.0187
0.0165
0.0200
0.0323
0.0532
0.0402
0.0495
0.0681
0.0882
0.0509
0.0366
0.0459
0.0902
0.8481
0.8605
0.1680
0.1393
0.1379
0.1544
0.2176
0.1941
0.2153
0.2452
0.2793
0.3126
0.4091
0.3956
0.2844
0.2832
0.3154
0.3627
0.3953
0.3096
0.2344
0.2374
0.5662
0.3173
0.7058
0.6588
0.2881
0.2842
0.1601
0.1143
0.1003
0.1109
0.1676
0.3756
0.8662
0.7693
0.7095
0.1405
0.0916
0.0757
0.0738
0.0800
0.0967
0.1262
0.1460
0.1753
0.1894
0.2203
0.2093
0.1569
0.1282
0.1196
0.1262
0.1623
0.8102
0.1744
0.1153
0.1203
0.1389
0.1472
0.0906
0.0910
0.1057
0.1151
0.0644
0.0575
0.0718
0.0414
0.0310
0.0300
0.0344
0.0387
0.0549
0.0454
0.0577
0.0871
0.1453
0.8383
0.0654
0.0519
0.0683
0.0513
0.0586
0.0873
0.8411
0.9043
0.8575
0.0935
0.0456
0.0350
0.0373
0.0392
0.0379
0.0497
0.0257
0.0205
0.0173
0.0225
0.0657
0.9502
0.9725
0.9471
0.8834
0.0428
0.0279
0.0314
0.0639
0.0894
0.9162
0.9416
0.9267
0.9340
0.0814
0.0432
0.0537
0.0457
0.0255
0.0336
0.0840
0.8369
0.8446
0.8908
0.8301
0.0832
0.0823
0.0474
0.0460
0.0515
0.0711
0.8691
0.8944
0.1581
0.1608
0.0990
0.0375
0.0313
0.0311
0.0459
0.0346
0.0429
0.0766
0.9238
0.1274
0.0549
0.0405
0.0440
0.0711
0.8750
0.9177
0.8462
0.0484
0.0337
0.0369
0.0661
0.1085
0.0548
0.0364
0.0355
0.0362
0.0525
0.9262
0.0475
0.0352
0.0480
0.0322
0.0386
0.0219
0.0296
0.0966
0.9409
0.9492
0.9611
0.0770
0.0315
0.0246
0.0217
0.0200
0.0269
0.0436
0.0911
0.9487
0.9400
0.0703
0.0459
0.0592
0.0508
0.0733
0.9085
0.0809
0.0431
0.0399
0.0634
0.1157
0.1186
0.0779
0.1016
0.1819
0.8225
0.8553
0.8394
0.7505
0.3012
0.1807
0.1558
0.5653
0.1455
0.1266
0.1187
0.1213
0.1302
0.1505
0.1999
0.1570
0.1514
0.1628
0.1948
0.2531
0.1939
0.0792
0.0602
0.0501
0.0424
0.0492
0.0842
0.0642
0.7708
0.0684
0.0854
0.8335
0.9051
0.2129
0.2276
0.1226
0.7738
0.7643
0.7763
0.7347
0.0976
0.1082
0.1854
0.8951
0.8911
0.1641
0.1146
0.7087
0.1772
0.8551
0.1582
0.0835
0.0672
0.0834
0.0613
0.0675
0.1083
0.1936
0.3195
0.3180
0.1867
0.5421
0.1759
0.2046
0.3113
0.3475
0.3712
0.2896
0.3110
0.2429
0.2482
0.2646
0.2894
0.3954
0.3815
0.2440
0.1817
0.1976
0.1445
0.1441
0.2052
0.1532
0.1196
0.6045
0.6658
0.7814
0.7894
0.3265
0.3361
0.2288
0.1596
0.1508
0.1661
0.1520
0.1425
0.1429
0.1580
0.2027
0.3196
0.3492
0.4335
0.4045
0.2428
0.1980
0.2047
0.2153
0.2718
0.6294
0.5940
0.6267
0.4127
0.3889
0.4317
0.4253
0.3598
0.3907
0.7287
0.4368
0.7735
0.7467
0.3173
0.2304
0.1795
0.1849
0.2538
0.7056
0.7238
0.7905
0.7638
0.2295
0.5621
0.1284
0.1128
0.1381
0.1966
0.1819
0.1811
0.1320
0.1200
0.1213
0.0549
0.0262
0.0194
0.0186
0.0224
0.0371
0.1091
0.2367
0.9315
0.8916
0.7750
0.7553
0.8273
0.1263
0.1559
0.1547
0.1652
0.9279
0.9282
0.0833
0.0317
0.0296
0.0661
0.9215
0.9271
0.9296
0.9528
0.9553
0.9350
0.0640
0.0395
0.0429
0.1062
0.9402
0.0481
0.0359
0.0418
0.0818
0.9324
0.9374
0.9123
0.1459
0.0730
0.0361
0.0221
0.0193
0.0217
0.0306
0.0645
0.0887
0.1204
0.1191
0.0984
0.1123
0.1039
0.1243
0.1063
0.1597
0.6642
0.2025
0.7333
0.5957
0.5794
0.1224
0.1080
0.1283
0.0880
0.0765
0.0670
0.0802
0.0992
0.1197
0.8732
0.0883
0.0550
0.0504
0.0498
0.0675
0.7971
0.2133
0.2212
0.8851
0.8129
0.8221
0.8852
0.1804
0.2079
0.9112
0.0756
0.0531
0.0626
0.0499
0.0721
0.8843
0.1289
0.1835
0.1549
0.0911
0.0996
0.0593
0.0594
0.0657
0.0990
0.7065
0.8226
0.2014
0.0974
0.0703
0.0722
0.0985
0.7186
0.8335
0.1968
0.7194
0.6787
0.0712
0.0549
0.0567
0.0829
0.0528
0.0426
0.0313
0.0289
0.0312
0.0285
0.0296
0.0343
0.0336
0.0412
0.7736
0.0395
0.0362
0.0556
0.0578
0.1160
0.2055
0.9337
0.9226
0.9357
0.9185
0.9347
0.9491
0.9300
0.0864
0.0385
0.0221
0.0226
0.0284
0.0625
0.9307
0.8742
0.0556
0.0500
0.0783
0.0738
0.8698
0.0727
0.0764
0.0395
0.0381
0.0575
0.0449
0.0535
0.0687
0.8299
0.1132
0.1515
0.8717
0.8716
0.2367
0.7800
0.8100
0.0931
0.0578
0.0559
0.0863
0.2158
0.8486
0.7525
0.7891
0.8818
0.9060
0.9164
0.2511
0.0615
0.0323
0.0260
0.0268
0.0345
0.0608
0.0563
0.0942
0.9245
0.9099
0.9389
0.8995
0.0544
0.0335
0.0308
0.0289
0.0315
0.0387
0.0419
0.0539
0.0789
0.7865
0.1050
0.1225
0.0695
0.0600
0.0466
0.0345
0.0349
0.0535
0.1003
0.9364
0.8951
0.0784
0.0389
0.0312
0.0392
0.8202
0.0493
0.0556
0.0285
0.0314
0.0873
0.9619
0.9636
0.9566
0.9569
0.0537
0.0227
0.0160
0.0155
0.0133
0.0135
0.0174
0.0340
0.1247
0.9425
0.8790
0.0566
0.0592
0.0313
0.0280
0.0354
0.0210
0.0182
0.0207
0.0255
0.0456
0.0975
0.1751
0.9319
0.9413
0.9374
0.9301
0.9317
0.9018
