0.8346
0.8459
0.7608
0.7134
0.7697
0.8324
0.8212
0.7468
0.7696
0.8015
0.7485
0.5916
0.5318
0.5082
0.2711
0.2811
0.3472
0.5458
0.3416
0.3777
0.5249
0.2963
0.2911
0.2958
0.3526
0.5831
0.3830
0.3907
0.2864
0.2325
0.2131
0.2115
0.2215
0.2123
0.2100
0.1895
0.1848
0.2002
0.1919
0.1610
0.1547
0.1824
0.2666
0.2043
0.1263
0.1016
0.0971
0.0842
0.0824
0.0995
0.1334
0.7401
0.8146
0.7368
0.7198
0.7491
0.7471
0.1690
0.1712
0.0887
0.0637
0.0577
0.0611
0.0759
0.1206
0.0843
0.0724
0.0877
0.1218
0.2423
0.2275
0.1090
0.6707
0.0550
0.0406
0.0466
0.0840
0.1043
0.1232
0.0900
0.0433
0.0430
0.0493
0.0639
0.8220
0.0845
0.0835
0.8345
0.0896
0.0619
0.0550
0.0494
0.0740
0.8517
0.8743
0.8835
0.8964
0.9210
0.8592
0.0640
0.0507
0.0800
0.0778
0.1211
0.8268
0.0610
0.0612
0.7379
0.1175
0.2134
0.7685
0.7214
0.7429
0.7782
0.1360
0.0801
0.0771
0.0908
0.1031
0.0533
0.0343
0.0403
0.0791
0.8929
0.8981
0.1067
0.0737
0.0612
0.0572
0.0761
0.0548
0.0597
0.0902
0.7850
0.1541
0.2009
0.1486
0.0663
0.0576
0.0625
0.0764
0.0933
0.0514
0.0328
0.0356
0.0476
0.1172
0.9364
0.8885
0.8878
0.1187
0.0593
0.0508
0.0290
0.0308
0.0555
0.1116
0.0980
0.0425
0.0397
0.0579
0.0766
0.0825
0.7207
0.0954
0.0807
0.0809
0.0742
0.0796
0.7590
0.0784
0.0635
0.0441
0.0366
0.0367
0.0458
0.0755
0.9105
0.0895
0.0680
0.0864
0.8644
0.0579
0.0425
0.0488
0.0713
0.2002
0.9079
0.9097
0.9367
0.8999
0.8816
0.8649
0.0729
0.0483
0.0522
0.0354
0.0523
0.9293
0.1033
0.0357
0.0221
0.0222
0.0288
0.0446
0.7968
0.0708
0.0739
0.1086
0.0729
0.0646
0.0462
0.0428
0.0497
0.0551
0.0540
0.0747
0.0378
0.0303
0.0252
0.0317
0.0735
0.9353
0.9524
0.9046
0.8469
0.0524
0.0369
0.0420
0.0836
0.0980
0.8366
0.8895
0.8773
0.9076
0.1193
0.0781
0.1049
0.0828
0.0355
0.0320
0.0457
0.0346
0.0406
0.0707
0.0683
0.1001
0.8318
0.7338
0.7660
0.1275
0.0810
0.0803
0.0986
0.1564
0.9180
0.9136
0.8500
0.0709
0.0380
0.0283
0.0211
0.0210
0.0291
0.0647
0.0418
0.0228
0.0246
0.0490
0.9003
0.9264
0.9466
0.9070
0.8460
0.0426
0.0318
0.0448
0.0795
0.0597
0.0490
0.7904
0.0407
0.0367
0.0495
0.0437
0.0616
0.8968
0.0865
0.0846
0.0465
0.0541
0.0996
0.8366
0.0883
0.1052
0.0619
0.0411
0.0461
0.0618
0.0991
0.9191
0.9179
0.9172
0.2051
0.1691
0.1039
0.0541
0.0651
0.0520
0.0491
0.0794
0.0590
0.0471
0.0546
0.0853
0.1900
0.2491
0.1896
0.2233
0.3112
0.3325
0.7606
0.7422
0.6678
0.3425
0.1926
0.1461
0.1343
0.1351
0.1536
0.1690
0.5675
0.3022
0.2577
0.2712
0.2020
0.5054
0.2526
0.3414
0.7419
0.8020
0.7917
0.7002
0.2891
0.2097
0.2089
0.6179
0.1884
0.1454
0.1349
0.1670
0.2296
0.7622
0.7353
0.7629
0.6215
0.1376
0.1053
0.0935
0.0801
0.0789
0.1013
0.1595
0.8720
0.8989
0.2228
0.1542
0.0982
0.1386
0.1267
0.0608
0.0340
0.0317
0.0425
0.0306
0.0363
0.0797
0.8928
0.9393
0.9325
0.8281
0.0637
0.0536
0.0838
0.9169
0.0903
0.0450
0.0364
0.0520
0.0495
0.0525
0.0692
0.1164
0.2112
0.8843
0.1019
0.0736
0.0915
0.0776
0.7823
0.1086
0.0585
0.0379
0.0455
0.1043
0.9268
0.9344
0.1719
0.1310
0.0837
0.0725
0.0324
0.0245
0.0176
0.0150
0.0152
0.0213
0.0624
0.9593
0.9686
0.9773
0.9633
0.0451
0.0194
0.0153
0.0132
0.0143
0.0214
0.0202
0.0300
0.0506
0.0544
0.0662
0.0564
0.0389
0.0551
0.1134
0.1963
0.9300
0.9080
0.1175
0.0750
0.0620
0.0879
0.7274
0.8263
0.8334
0.8803
0.8752
0.1599
0.7312
0.0644
0.0535
0.0660
0.0974
0.0897
0.0948
0.0727
0.0720
0.0796
0.0374
0.0191
0.0151
0.0154
0.0191
0.0324
0.0965
0.2190
0.9399
0.9057
0.8015
0.7844
0.8499
0.1210
0.1434
0.1366
0.1499
0.9386
0.9389
0.0727
0.0270
0.0256
0.0618
0.9308
0.9367
0.9341
0.9541
0.9465
0.8548
0.0436
0.0359
0.0446
0.1178
0.9442
0.0448
0.0310
0.0363
0.0803
0.9493
0.9578
0.9324
0.1259
0.0482
0.0217
0.0163
0.0151
0.0169
0.0234
0.0476
0.0648
0.0869
0.0840
0.0673
0.0757
0.0683
0.0819
0.0680
0.1057
0.7617
0.1562
0.8332
0.7055
0.7085
0.0831
0.0570
0.0489
0.0380
0.0330
0.0347
0.0489
0.0817
0.8909
0.9293
0.8903
0.8759
0.8675
0.0570
0.0324
0.0257
0.0276
0.0369
0.0686
0.0656
0.0982
0.8865
0.8409
0.1709
0.1559
0.0757
0.0709
0.1046
0.0959
0.1437
0.7925
0.7724
0.8415
0.8327
0.3070
0.2877
0.1519
0.1189
0.1123
0.1194
0.1460
0.2279
0.1699
0.1083
0.0751
0.0767
0.1305
0.1268
0.1725
0.7758
0.0716
0.0550
0.0559
0.0746
0.7523
0.7766
0.0813
0.0716
0.0587
0.0408
0.0343
0.0247
0.0217
0.0214
0.0175
0.0167
0.0198
0.0338
0.0344
0.0602
0.0852
0.2258
0.9606
0.9452
0.9393
0.9530
0.9283
0.1036
0.0801
0.0339
0.0207
0.0248
0.0413
0.9307
0.0481
0.0467
0.0826
0.8274
0.0366
0.0360
0.0591
0.0498
0.0606
0.0277
0.0210
0.0198
0.0211
0.0235
0.0274
0.0338
0.0341
0.0383
0.0413
0.0609
0.1496
0.2096
0.7652
0.7176
0.8125
0.1910
0.1310
0.1478
0.6709
0.7897
0.7981
0.6771
0.6699
0.7654
0.7840
0.3198
0.2002
0.0562
0.0323
0.0263
0.0267
0.0336
0.0586
0.0539
0.0917
0.9309
0.9195
0.9460
0.9085
0.0516
0.0315
0.0283
0.0257
0.0267
0.0305
0.0309
0.0369
0.0536
0.0734
0.0832
0.1088
0.0638
0.0567
0.0458
0.0353
0.0364
0.0558
0.1021
0.9310
0.8873
0.0834
0.0422
0.0338
0.0418
0.8209
0.0512
0.0571
0.0293
0.0321
0.0882
0.9610
0.9625
0.9555
0.9564
0.0541
0.0229
0.0162
0.0158
0.0138
0.0141
0.0184
0.0356
0.1198
0.9307
0.8729
0.0632
0.0675
0.0360
0.0332
0.0448
0.0290
0.0295
0.0428
0.0778
0.8292
0.8842
0.8728
0.9052
0.9007
0.8722
0.9085
0.9319
0.8957
