0.8265
0.7958
0.2190
0.1059
0.1105
0.1317
0.1886
0.1709
0.2481
0.8428
0.8318
0.6493
0.1321
0.1063
0.1314
0.6620
0.7700
0.7269
0.7480
0.8104
0.1273
0.0805
0.0727
0.0716
0.0913
0.1177
0.1462
0.2212
0.1777
0.1735
0.1891
0.1879
0.1903
0.1970
0.2111
0.2035
0.2091
0.2378
0.5512
0.5650
0.2447
0.2412
0.3194
0.2634
0.1929
0.1985
0.6165
0.6140
0.6150
0.6321
0.1897
0.1714
0.2076
0.1654
0.1415
0.1437
0.1395
0.1580
0.2054
0.1298
0.0970
0.0951
0.1310
0.6841
0.7728
0.7009
0.6788
0.7262
0.7792
0.8630
0.8551
0.7299
0.6270
0.1018
0.0895
0.1371
0.8139
0.8229
0.8811
0.8701
0.1313
0.0887
0.0788
0.0813
0.1145
0.0863
0.0922
0.1232
0.1665
0.2230
0.7634
0.6490
0.5974
0.1405
0.1123
0.1234
0.7062
0.1882
0.0912
0.0607
0.0553
0.0659
0.1039
0.8593
0.1117
0.0684
0.0686
0.1069
0.7853
0.8504
0.7679
0.1200
0.0955
0.1462
0.8452
0.7883
0.7957
0.8484
0.8701
0.7508
0.0764
0.0654
0.1053
0.9054
0.2151
0.0740
0.0610
0.1034
0.8380
0.8869
0.1227
0.0889
0.7922
0.1150
0.1902
0.9279
0.9207
0.1507
0.1633
0.8749
0.8822
0.9188
0.8894
0.8388
0.8184
0.1279
0.1725
0.8950
0.8481
0.1751
0.2519
0.8223
0.7527
0.0826
0.1084
0.8705
0.9369
0.2096
0.0549
0.0314
0.0293
0.0255
0.0271
0.0348
0.0528
0.8214
0.0743
0.0496
0.0411
0.0431
0.0553
0.0801
0.8077
0.0676
0.0518
0.0519
0.0716
0.1389
0.1190
0.7210
0.6989
0.1231
0.0982
0.1129
0.7282
0.7641
0.2430
0.1376
0.1199
0.1625
0.1135
0.1103
0.1393
0.2209
0.5991
0.6718
0.6150
0.6150
0.6829
0.7202
0.5867
0.5209
0.5004
0.1794
0.1603
0.1641
0.1740
0.2205
0.6904
0.6295
0.2064
0.1494
0.1399
0.1648
0.1930
0.2125
0.2930
0.6259
0.5826
0.5708
0.1540
0.1611
0.2797
0.8244
0.7082
0.6438
0.6309
0.6436
0.6929
0.2120
0.1399
0.1689
0.8331
0.8178
0.8732
0.1704
0.1198
0.1653
0.1418
0.0712
0.0685
0.1006
0.0888
0.1149
0.1946
0.2034
0.2603
0.3765
0.3259
0.3346
0.3410
0.5626
0.5854
0.6058
0.6244
0.7164
0.4656
0.4093
0.6317
0.5315
0.2685
0.2370
0.2471
0.2993
0.3917
0.3543
0.2694
0.2430
0.2504
0.2935
0.5395
0.3828
0.3081
0.2744
0.2985
0.5307
0.5954
0.6312
0.5486
0.3248
0.3203
0.5035
0.3217
0.3472
0.2882
0.2819
0.3202
0.2646
0.5166
0.5367
0.2865
0.6701
0.2654
0.2514
0.7786
0.2262
0.1253
0.1043
0.0906
0.0804
0.0974
0.1445
0.7920
0.8744
0.2931
0.1225
0.1270
0.8073
0.1455
0.1282
0.1929
0.7111
0.1586
0.6909
0.2626
0.8612
0.8610
0.8003
0.8131
0.8450
0.8245
0.8744
0.8827
0.2215
0.2109
0.7947
0.0569
0.0376
0.0305
0.0274
0.0259
0.0272
0.0338
0.0567
0.9063
0.0523
0.0332
0.0405
0.0933
0.9504
0.9508
0.0912
0.0624
0.0872
0.8863
0.9097
0.9342
0.8668
0.0621
0.0486
0.0786
0.8966
0.9415
0.1665
0.1333
0.0520
0.0477
0.7630
0.0530
0.0411
0.0465
0.0905
0.8424
0.9097
0.8945
0.1124
0.0606
0.0597
0.0970
0.8232
0.2090
0.1643
0.6710
0.7338
0.6538
0.6468
0.6955
0.7519
0.8459
0.8339
0.6821
0.1539
0.6642
0.1808
0.8218
0.1769
0.1101
0.1150
0.8188
0.1290
0.1168
0.1395
0.8257
0.8928
0.2143
0.0764
0.0560
0.0750
0.0561
0.0674
0.1134
0.7431
0.0750
0.0724
0.1179
0.8652
0.8890
0.3399
0.8851
0.1783
0.1045
0.0905
0.1075
0.1148
0.5330
0.1461
0.1816
0.5992
0.7361
0.7667
0.8320
0.8077
0.1772
0.1084
0.1023
0.1149
0.6575
0.7791
0.1884
0.2114
0.3046
0.8365
0.8747
0.8689
0.8028
0.2114
0.2606
0.2743
0.8756
0.8666
0.2627
0.2346
0.1497
0.1840
0.6156
0.7380
0.7565
0.8209
0.8035
0.2320
0.1478
0.1468
0.1787
0.7249
0.8082
0.7686
0.8119
0.7683
0.2380
0.2947
0.2002
0.1478
0.1383
0.1324
0.1484
0.2124
0.7375
0.7628
0.8245
0.7909
0.6458
0.6380
0.7316
0.7450
0.8366
0.8520
0.8151
0.8605
0.8307
0.1754
0.1201
0.1300
0.2088
0.6891
0.6848
0.6995
0.4430
0.3996
0.2452
0.5609
0.6034
0.6633
0.7879
0.7916
0.2708
0.2471
0.2926
0.6539
0.7590
0.7911
0.4069
0.4103
0.2725
0.1735
0.1394
0.1303
0.1438
0.2057
0.7319
0.7706
0.8309
0.8204
0.7353
0.7600
0.2438
0.1583
0.1650
0.7353
0.1880
0.1756
0.8004
0.1205
0.0707
0.0627
0.0764
0.1202
0.0918
0.0972
0.7122
0.1410
0.1482
0.7935
0.8669
0.1390
0.0799
0.0656
0.0497
0.0434
0.0438
0.0516
0.0789
0.1838
0.8179
0.8166
0.8587
0.8195
0.8386
0.8499
0.7737
0.7633
0.8116
0.7646
0.7933
0.8660
0.8749
0.9162
0.9189
0.8903
0.8969
0.8298
0.7996
0.8049
0.8331
0.8765
0.9245
0.1240
0.0406
0.0258
0.0294
0.0545
0.8423
0.9041
0.0926
0.0533
0.0492
0.0702
0.7717
0.7808
0.1064
0.1039
0.8411
0.0764
0.0560
0.0504
0.0421
0.0400
0.0412
0.0338
0.0303
0.0304
0.0362
0.0584
0.1541
0.8610
0.8895
0.8690
0.7657
0.1714
0.2176
0.2025
0.8177
0.8199
0.7041
0.6636
0.7053
0.1422
0.1657
0.1037
0.1265
0.8527
0.7664
0.0793
0.0706
0.1077
0.0833
0.0926
0.0397
0.0289
0.0279
0.0341
0.0516
0.8022
0.1080
0.1490
0.8935
0.8393
0.8663
0.9179
0.9175
0.1302
0.1072
0.9049
0.0501
0.0305
0.0342
0.0963
0.9437
0.9455
0.8915
0.8766
0.9132
0.9087
0.9365
0.9291
0.1485
0.7837
0.0422
0.0378
0.0576
0.8905
0.0893
0.1041
0.9134
0.1565
0.2153
0.8835
0.0506
0.0336
0.0321
0.0323
0.0416
0.0645
0.7860
0.0719
0.0650
0.0654
0.0951
0.8841
0.1195
0.0931
0.0706
0.0563
0.0606
0.0933
0.1565
0.8422
0.7377
0.6739
0.6395
0.6200
0.5985
0.1340
0.1027
0.0949
0.1061
0.1418
0.6605
0.3584
0.3636
0.3432
0.6882
0.2612
0.2043
0.1920
0.2031
0.1860
0.1813
0.1953
0.2404
0.3436
0.3187
0.2811
0.3139
0.6070
0.3399
0.3517
0.5946
0.5296
0.3006
0.3179
0.5667
0.6139
0.6822
0.6677
0.4368
0.3861
0.2412
0.3136
0.7596
0.8172
