0.8332
0.8451
0.7615
0.7137
0.7661
0.8248
0.8122
0.7429
0.7666
0.8083
0.7934
0.4662
0.2966
0.2490
0.2888
0.5469
0.3748
0.3235
0.3403
0.5766
0.3533
0.5172
0.3299
0.3338
0.5522
0.3730
0.3560
0.3710
0.2683
0.2142
0.1969
0.2134
0.5308
0.5705
0.6031
0.2263
0.1680
0.1457
0.1174
0.1053
0.1092
0.1410
0.2445
0.2486
0.6935
0.6819
0.6961
0.6513
0.1464
0.1260
0.1262
0.1749
0.7381
0.2123
0.1854
0.6036
0.2039
0.1944
0.2466
0.1842
0.6050
0.1358
0.1154
0.1486
0.7752
0.2029
0.6949
0.1540
0.1580
0.2716
0.2607
0.1565
0.6776
0.6860
0.7224
0.7773
0.8622
0.8759
0.9209
0.9139
0.1088
0.0641
0.0526
0.0475
0.0589
0.0332
0.0287
0.0314
0.0410
0.0459
0.0561
0.0564
0.0615
0.0732
0.0812
0.1036
0.7719
0.1886
0.0927
0.0631
0.0586
0.0705
0.1090
0.8482
0.1141
0.0724
0.0723
0.1102
0.7600
0.8308
0.7436
0.1281
0.1042
0.1566
0.8245
0.7628
0.7705
0.8255
0.8498
0.7244
0.0856
0.0716
0.1151
0.8896
0.2419
0.0847
0.0674
0.1046
0.8213
0.8806
0.1203
0.0864
0.7843
0.1110
0.1858
0.9254
0.9180
0.1530
0.1639
0.8654
0.8684
0.9098
0.8771
0.8211
0.8053
0.1222
0.1568
0.8756
0.8214
0.1688
0.2538
0.7983
0.7271
0.0917
0.1190
0.8608
0.9312
0.2320
0.0629
0.0355
0.0327
0.0280
0.0293
0.0371
0.0561
0.8212
0.0774
0.0509
0.0417
0.0431
0.0540
0.0760
0.7819
0.0792
0.0805
0.1316
0.9294
0.2850
0.0978
0.0543
0.0491
0.0556
0.0565
0.0669
0.0976
0.1390
0.2407
0.7065
0.2085
0.2584
0.1520
0.1271
0.1336
0.1709
0.5820
0.2702
0.2042
0.2077
0.3084
0.6866
0.5588
0.1566
0.1156
0.0997
0.0966
0.1061
0.1164
0.1598
0.7768
0.7142
0.1366
0.0867
0.0773
0.0946
0.1170
0.1387
0.2260
0.7111
0.6496
0.6393
0.1145
0.1257
0.2496
0.8680
0.7609
0.7075
0.6931
0.7004
0.7446
0.2020
0.1311
0.1598
0.8510
0.8259
0.8874
0.1572
0.1093
0.1467
0.1181
0.0540
0.0499
0.0717
0.0578
0.0700
0.1189
0.1221
0.1803
0.7080
0.2900
0.3295
0.5918
0.5697
0.5998
0.6213
0.6488
0.7562
0.4715
0.4044
0.6721
0.5438
0.2281
0.2020
0.2135
0.2689
0.3835
0.3337
0.2436
0.2163
0.2208
0.2571
0.5480
0.3575
0.2582
0.2153
0.2325
0.5426
0.6368
0.7024
0.2837
0.2056
0.2116
0.5673
0.2630
0.7078
0.2063
0.1610
0.1898
0.1447
0.1492
0.0960
0.1034
0.1863
0.7792
0.8193
0.8827
0.1931
0.0999
0.0844
0.0760
0.0680
0.0802
0.1076
0.1771
0.8139
0.8159
0.2968
0.6357
0.2927
0.2316
0.2619
0.6392
0.2986
0.2322
0.2502
0.5953
0.7391
0.7694
0.6956
0.7098
0.7565
0.7396
0.8017
0.8012
0.7198
0.7209
0.5860
0.2297
0.2069
0.2287
0.4859
0.2625
0.2471
0.2538
0.2995
0.5686
0.3141
0.2747
0.2989
0.3648
0.6682
0.6781
0.3659
0.3220
0.3011
0.3097
0.5358
0.3731
0.2870
0.2443
0.2417
0.2683
0.3408
0.6330
0.4344
0.6507
0.5649
0.5220
0.2794
0.2435
0.2075
0.2027
0.2335
0.3034
0.7519
0.4382
0.2789
0.2430
0.1709
0.2008
0.7691
0.2222
0.1234
0.1037
0.1174
0.0819
0.0841
0.1409
0.7889
0.8777
0.8668
0.7127
0.1256
0.1037
0.1506
0.7891
0.2209
0.1504
0.1518
0.2332
0.5987
0.6259
0.6452
0.6663
0.7634
0.7487
0.6126
0.5969
0.2300
0.1427
0.1344
0.1865
0.1456
0.1316
0.6492
0.7383
0.8526
0.8752
0.2716
0.2345
0.1368
0.0981
0.1031
0.1284
0.1407
0.1321
0.1346
0.1676
0.6434
0.7819
0.7906
0.8440
0.8198
0.1776
0.1032
0.0997
0.1198
0.6726
0.7855
0.2018
0.2110
0.3094
0.8299
0.8712
0.8665
0.8013
0.2022
0.2218
0.2380
0.8817
0.8776
0.2073
0.1655
0.0982
0.1234
0.6520
0.7836
0.7966
0.8546
0.8384
0.1703
0.0970
0.0992
0.1331
0.7723
0.8370
0.7983
0.8387
0.8030
0.1725
0.2038
0.1209
0.0797
0.0769
0.0749
0.0882
0.1388
0.8055
0.8093
0.8566
0.8229
0.6783
0.6668
0.7644
0.1883
0.2522
0.2605
0.2449
0.8792
0.8583
0.1372
0.0975
0.6529
0.1814
0.8328
0.8081
0.8100
0.8683
0.8529
0.1757
0.6894
0.1290
0.1939
0.8730
0.8637
0.1278
0.0923
0.0960
0.1542
0.8658
0.8738
0.8365
0.8686
0.8042
0.6863
0.0831
0.0631
0.0710
0.1266
0.8101
0.8193
0.8777
0.8699
0.8060
0.8205
0.7331
0.6626
0.6659
0.7586
0.1794
0.1657
0.8304
0.0969
0.0563
0.0490
0.0594
0.0984
0.0734
0.0865
0.7454
0.7704
0.7746
0.8054
0.8714
0.1184
0.0762
0.0751
0.0792
0.6836
0.0811
0.0815
0.1095
0.8093
0.1794
0.2114
0.8118
0.7557
0.8020
0.8195
0.7135
0.7091
0.1738
0.0900
0.0852
0.1495
0.2047
0.9036
0.9051
0.2468
0.2325
0.1364
0.7310
0.7136
0.7460
0.7970
0.8703
0.8299
0.7348
0.0845
0.0666
0.0921
0.8073
0.8827
0.8145
0.7475
0.0978
0.0859
0.1048
0.7506
0.7500
0.1066
0.0842
0.0641
0.0625
0.0713
0.0692
0.0762
0.0924
0.0915
0.0994
0.1207
0.1692
0.6398
0.7128
0.7085
0.7503
0.7223
0.6252
0.6053
0.6506
0.6216
0.6475
0.6582
0.3016
0.2437
0.2536
0.2597
0.3027
0.5703
0.3160
0.3697
0.3055
0.2985
0.5815
0.4042
0.3989
0.6505
0.2724
0.2017
0.1758
0.1705
0.1736
0.1866
0.2185
0.2398
0.3114
0.2732
0.3304
0.7044
0.6881
0.2520
0.1903
0.2341
0.1677
0.5709
0.1677
0.2088
0.7864
0.7903
0.6799
0.6663
0.7610
0.7563
0.8434
0.2526
0.0727
0.0421
0.0388
0.0520
0.7995
0.1349
0.0910
0.1205
0.9064
0.8904
0.9124
0.8586
0.1010
0.0793
0.0942
0.7478
0.0875
0.0756
0.0615
0.0637
0.0788
0.0970
0.1445
0.7575
0.2325
0.2336
0.2286
0.2350
0.5559
0.5761
0.5939
0.6378
0.5607
0.2664
0.2279
0.2331
0.2663
0.5354
0.5195
0.2556
0.2313
0.2521
0.3395
0.6608
0.6397
0.6125
0.6300
0.2962
0.2256
0.2100
0.2170
0.1954
0.1862
0.1951
0.2325
0.3242
0.2937
0.2570
0.2947
0.6297
0.3677
0.3506
0.6015
0.5280
0.2782
0.2971
0.5726
0.6390
0.7279
0.7490
0.8221
0.8536
0.8613
0.8606
0.8792
0.8595
