0.7976
0.7561
0.3150
0.2034
0.2598
0.6163
0.6613
0.3765
0.4033
0.7057
0.4441
0.3034
0.2332
0.2245
0.2459
0.3090
0.5795
0.3608
0.3606
0.5855
0.3270
0.2775
0.2705
0.2712
0.3046
0.3367
0.3688
0.6397
0.5717
0.2674
0.2048
0.1765
0.1651
0.1618
0.1656
0.1491
0.1381
0.1339
0.1156
0.1102
0.1215
0.1768
0.8451
0.2372
0.1150
0.0858
0.0844
0.0806
0.1005
0.7254
0.1451
0.1559
0.8573
0.1179
0.0688
0.0598
0.0542
0.0628
0.0894
0.0531
0.0414
0.0457
0.0797
0.7939
0.8665
0.8287
0.8352
0.8924
0.9297
0.9363
0.9241
0.8468
0.7424
0.0569
0.0534
0.1034
0.9025
0.9047
0.9371
0.9292
0.0717
0.0417
0.0337
0.0346
0.0553
0.0422
0.0517
0.7526
0.1028
0.1051
0.7986
0.0851
0.0642
0.0602
0.0725
0.7235
0.1059
0.1289
0.0703
0.0555
0.0564
0.0698
0.0994
0.1415
0.0941
0.0794
0.0884
0.6652
0.1971
0.8446
0.7843
0.1103
0.0804
0.0939
0.1698
0.7555
0.7590
0.1721
0.1569
0.0634
0.0513
0.0746
0.7939
0.8998
0.2354
0.0767
0.0630
0.1055
0.8217
0.8733
0.1262
0.0935
0.7710
0.1256
0.2007
0.9180
0.9131
0.1674
0.1743
0.8600
0.8666
0.9095
0.8783
0.8246
0.8093
0.1387
0.1754
0.8754
0.8236
0.1878
0.2542
0.7650
0.6865
0.0934
0.1096
0.7769
0.8829
0.2755
0.1017
0.0770
0.1043
0.7342
0.7146
0.0895
0.0671
0.0648
0.0824
0.0983
0.7241
0.7221
0.7394
0.1268
0.0814
0.0692
0.0830
0.7368
0.1804
0.8769
0.1280
0.0777
0.0667
0.0808
0.0994
0.6968
0.7480
0.7941
0.2485
0.1335
0.1117
0.1470
0.0964
0.0889
0.1050
0.1576
0.2389
0.6724
0.6072
0.6164
0.6830
0.7201
0.5866
0.5203
0.4994
0.1801
0.1609
0.1646
0.1743
0.2216
0.6884
0.6290
0.2097
0.1522
0.1435
0.1711
0.2018
0.2215
0.3053
0.6191
0.5827
0.5755
0.5867
0.6354
0.7489
0.8067
0.6812
0.6197
0.6107
0.6321
0.6836
0.7875
0.7384
0.7593
0.8390
0.8262
0.8736
0.1719
0.1221
0.1664
0.1392
0.0685
0.0662
0.0990
0.0878
0.1127
0.1900
0.1988
0.2591
0.6844
0.3116
0.2853
0.2525
0.2347
0.2687
0.3219
0.6759
0.4535
0.4316
0.2891
0.2405
0.2171
0.5142
0.5266
0.5446
0.6011
0.3862
0.2809
0.1651
0.1312
0.1317
0.1741
0.6816
0.8226
0.8152
0.1814
0.1102
0.1178
0.1991
0.8635
0.1487
0.0794
0.0677
0.0604
0.0678
0.0986
0.0742
0.0812
0.1270
0.1181
0.7271
0.7400
0.7752
0.8351
0.7986
0.8143
0.8741
0.8385
0.1212
0.0822
0.0694
0.0704
0.1141
0.8076
0.8222
0.8880
0.8774
0.1100
0.0703
0.0931
0.0795
0.1095
0.8436
0.1120
0.0710
0.0739
0.1354
0.8734
0.8797
0.8195
0.8304
0.8604
0.8413
0.8862
0.8846
0.8298
0.8416
0.7300
0.6905
0.6844
0.6814
0.6729
0.1004
0.0791
0.0823
0.1125
0.8165
0.1046
0.0720
0.0818
0.1324
0.9182
0.9261
0.0849
0.0481
0.0326
0.0251
0.0282
0.0445
0.0262
0.0264
0.0463
0.8719
0.9059
0.9409
0.9222
0.9275
0.0796
0.0415
0.0418
0.0691
0.7697
0.7567
0.1052
0.1141
0.2063
0.2167
0.1215
0.7100
0.6900
0.1212
0.1713
0.1320
0.1055
0.7476
0.1445
0.0812
0.0751
0.1176
0.7827
0.8691
0.8519
0.1314
0.0778
0.0761
0.1064
0.2156
0.2152
0.6306
0.1984
0.2488
0.1934
0.2111
0.2373
0.6305
0.3725
0.3465
0.1962
0.1796
0.2350
0.2125
0.5304
0.5929
0.1921
0.1389
0.1385
0.2078
0.7964
0.8496
0.7998
0.8181
0.7169
0.6186
0.5955
0.6061
0.5725
0.1015
0.0746
0.0763
0.1245
0.8260
0.8339
0.8870
0.8703
0.1120
0.0659
0.0680
0.0871
0.7301
0.8192
0.1536
0.1734
0.2676
0.8572
0.8895
0.8862
0.8293
0.1701
0.2048
0.2242
0.9026
0.8919
0.1670
0.1382
0.0784
0.1012
0.7268
0.8258
0.8370
0.8829
0.8619
0.7210
0.1217
0.1163
0.1377
0.2627
0.8219
0.8098
0.8219
0.7659
0.7319
0.7877
0.7063
0.5888
0.1649
0.1468
0.1615
0.2355
0.6946
0.6992
0.7736
0.7453
0.6211
0.6159
0.6902
0.6915
0.7691
0.7714
0.3786
0.4297
0.3681
0.1946
0.1456
0.1473
0.1916
0.6447
0.3267
0.3406
0.7156
0.6956
0.2099
0.1482
0.1637
0.2317
0.7999
0.8173
0.7148
0.7033
0.7178
0.7533
0.8492
0.8618
0.8116
0.8381
0.7524
0.6326
0.1345
0.1155
0.1283
0.2069
0.7471
0.7768
0.8506
0.8423
0.7603
0.7838
0.2213
0.1383
0.1384
0.7730
0.1525
0.1466
0.8386
0.0918
0.0539
0.0452
0.0515
0.0757
0.0473
0.0392
0.0416
0.0581
0.0894
0.8444
0.9011
0.1097
0.0651
0.0553
0.0424
0.0364
0.0365
0.0432
0.0680
0.1713
0.8429
0.8352
0.8770
0.8412
0.8618
0.8746
0.8066
0.7997
0.8468
0.8030
0.8284
0.8884
0.8919
0.9248
0.9247
0.8954
0.9006
0.8354
0.8072
0.8151
0.8460
0.8902
0.9327
0.1092
0.0334
0.0190
0.0178
0.0236
0.0453
0.1298
0.8659
0.8119
0.0971
0.1058
0.8290
0.8083
0.0696
0.0482
0.0438
0.0369
0.0362
0.0399
0.0358
0.0359
0.0388
0.0328
0.0303
0.0309
0.0370
0.0602
0.1592
0.8620
0.8918
0.8734
0.7673
0.7377
0.7996
0.7547
0.7920
0.8082
0.6969
0.1439
0.1408
0.1760
0.8214
0.7300
0.7519
0.8174
0.7256
0.6967
0.1786
0.2656
0.2131
0.7429
0.6582
0.1233
0.0935
0.0863
0.0944
0.1168
0.1736
0.6256
0.6808
0.2837
0.3460
0.7932
0.8212
0.8051
0.7104
0.3547
0.2260
0.2083
0.5570
0.6054
0.7326
0.7391
0.6272
0.6191
0.7114
0.7110
0.8032
0.3068
0.1082
0.0700
0.0681
0.6481
0.1004
0.1479
0.1346
0.1513
0.8814
0.8454
0.8890
0.8287
0.0851
0.0635
0.0728
0.0858
0.7204
0.1036
0.0843
0.0827
0.1031
0.1084
0.7355
0.1651
0.0933
0.0752
0.0596
0.0474
0.0540
0.0959
0.8509
0.9084
0.1143
0.0734
0.0799
0.8344
0.8230
0.0502
0.0288
0.0199
0.0175
0.0203
0.0384
0.1768
0.9597
0.9569
0.9663
0.9330
0.0596
0.0274
0.0199
0.0155
0.0155
0.0216
0.0471
0.9413
0.0640
0.0311
0.0274
0.0395
0.0276
0.0280
0.0406
0.0289
0.0329
0.0543
0.7629
0.2151
0.8810
0.8609
0.9030
0.9049
0.8937
0.9323
0.9478
0.9129
