0.8133
0.8112
0.6750
0.2951
0.3066
0.4015
0.4175
0.6754
0.7235
0.7544
0.4400
0.2669
0.2024
0.2024
0.2607
0.5974
0.7241
0.7553
0.4183
0.7655
0.3670
0.2244
0.2079
0.2322
0.1985
0.1992
0.2669
0.8203
0.7775
0.8067
0.7098
0.1266
0.1321
0.1036
0.1322
0.1606
0.1051
0.1062
0.1292
0.5688
0.6037
0.6607
0.3678
0.2722
0.1938
0.1859
0.2095
0.2341
0.2616
0.3298
0.4024
0.4175
0.6950
0.4566
0.3826
0.3188
0.3094
0.5382
0.6009
0.3511
0.2708
0.2492
0.2706
0.2935
0.3396
0.3002
0.3168
0.5657
0.6224
0.7121
0.6868
0.3532
0.2587
0.2348
0.2574
0.3396
0.6590
0.7128
0.7317
0.6774
0.3809
0.3542
0.3638
0.5680
0.5708
0.5678
0.5955
0.3886
0.4247
0.6763
0.6577
0.5496
0.3105
0.2698
0.2860
0.3590
0.3923
0.6745
0.6564
0.3207
0.2602
0.2810
0.5591
0.3312
0.2182
0.1694
0.1596
0.1747
0.1838
0.2123
0.1324
0.1006
0.1013
0.1351
0.1901
0.1714
0.2280
0.2198
0.2217
0.7135
0.0791
0.0601
0.0766
0.1547
0.1880
0.1536
0.7741
0.7814
0.7773
0.8217
0.7598
0.7390
0.1494
0.1575
0.2610
0.8881
0.8652
0.1449
0.1150
0.1550
0.8513
0.8845
0.1944
0.1317
0.0689
0.0576
0.0970
0.2081
0.8456
0.8978
0.2992
0.0869
0.0477
0.0413
0.0501
0.0920
0.2933
0.9205
0.8296
0.7855
0.0928
0.0537
0.0407
0.0390
0.0449
0.0678
0.1413
0.8401
0.7543
0.2062
0.2764
0.1870
0.6787
0.1021
0.0968
0.6776
0.1189
0.1574
0.1274
0.1675
0.8178
0.7923
0.0890
0.0594
0.0642
0.0861
0.2031
0.8535
0.8524
0.8970
0.8365
0.8050
0.7940
0.0944
0.0715
0.0885
0.0681
0.1021
0.8491
0.8761
0.7697
0.0722
0.0523
0.0562
0.0666
0.6947
0.1009
0.1312
0.8611
0.2748
0.1639
0.1262
0.7093
0.7331
0.7510
0.7277
0.7562
0.7228
0.0715
0.0489
0.0461
0.0681
0.1122
0.1601
0.0991
0.0651
0.0722
0.1138
0.7019
0.2535
0.2126
0.2513
0.7454
0.3611
0.3951
0.3359
0.3433
0.7891
0.7848
0.6776
0.6899
0.7997
0.8102
0.3296
0.3373
0.2964
0.3371
0.6657
0.6331
0.6181
0.6051
0.3751
0.3703
0.3883
0.4275
0.4768
0.4955
0.4875
0.4450
0.3231
0.2660
0.2360
0.2496
0.3012
0.3903
0.3508
0.2820
0.2686
0.3064
0.5581
0.6024
0.6716
0.6570
0.5695
0.3650
0.4032
0.4066
0.4105
0.3461
0.3007
0.3383
0.3961
0.4174
0.7136
0.7385
0.6973
0.7265
0.6926
0.5739
0.2812
0.2881
0.6701
0.3568
0.3899
0.3619
0.2875
0.2483
0.1680
0.1235
0.1011
0.0907
0.0904
0.1092
0.2136
0.3495
0.8690
0.8071
0.8245
0.1496
0.1066
0.1222
0.0755
0.0692
0.1072
0.7658
0.8659
0.8694
0.8103
0.8185
0.8474
0.8409
0.8859
0.9002
0.8980
0.8768
0.7870
0.1117
0.0610
0.0563
0.0818
0.7206
0.7609
0.8505
0.2555
0.3097
0.2894
0.7859
0.7944
0.8310
0.8983
0.8975
0.8119
0.1135
0.0893
0.1164
0.8293
0.9025
0.9003
0.7721
0.0675
0.0501
0.0691
0.1833
0.8052
0.8358
0.7288
0.6779
0.6789
0.7062
0.6971
0.7122
0.7749
0.8249
0.8920
0.8813
0.1198
0.0756
0.0906
0.7558
0.8447
0.1595
0.0994
0.1150
0.8475
0.7898
0.0973
0.0746
0.0721
0.1295
0.1434
0.0890
0.0359
0.0311
0.0439
0.0726
0.0680
0.0723
0.0970
0.8178
0.7676
0.7481
0.7345
0.7418
0.8290
0.8145
0.6821
0.6801
0.1367
0.0755
0.0702
0.1086
0.0816
0.0776
0.7345
0.7977
0.8982
0.9161
0.1737
0.1515
0.0700
0.0422
0.0412
0.0528
0.0644
0.0870
0.7369
0.8259
0.8192
0.8643
0.8520
0.8950
0.8974
0.8755
0.1717
0.1371
0.7048
0.1048
0.1270
0.1090
0.1954
0.8881
0.8898
0.9054
0.8928
0.8474
0.8626
0.8914
0.8897
0.8985
0.2971
0.1566
0.0897
0.0676
0.0786
0.1369
0.7506
0.7293
0.7786
0.7528
0.6447
0.2304
0.2578
0.3336
0.3482
0.3915
0.3755
0.3967
0.3573
0.3538
0.6706
0.5875
0.2549
0.2231
0.2603
0.3837
0.6681
0.7350
0.7631
0.7998
0.8098
0.8012
0.7768
0.8196
0.8431
0.8536
0.8569
0.8527
0.8364
0.7853
0.3420
0.2091
0.1996
0.2537
0.4036
0.4681
0.7855
0.7875
0.7745
0.7295
0.6414
0.6492
0.6857
0.7299
0.7099
0.3758
0.3211
0.3248
0.3677
0.4287
0.4254
0.3785
0.4359
0.6918
0.6659
0.2276
0.1547
0.1655
0.2041
0.7343
0.3806
0.8147
0.8222
0.7965
0.7846
0.6859
0.6068
0.6010
0.6538
0.2317
0.2207
0.2824
0.2044
0.1884
0.5269
0.5264
0.1552
0.1086
0.0940
0.0781
0.0847
0.1013
0.7650
0.8511
0.7889
0.7640
0.7556
0.0939
0.0676
0.0730
0.1264
0.1474
0.2629
0.7657
0.7327
0.8059
0.7969
0.7972
0.8030
0.7374
0.7517
0.8229
0.8353
0.8136
0.8428
0.8490
0.8382
0.8057
0.7227
0.6955
0.2788
0.2467
0.2448
0.3325
0.4603
0.7230
0.6280
0.5437
0.5041
0.2267
0.2157
0.2451
0.3265
0.2718
0.2648
0.3142
0.6163
0.3002
0.2536
0.2579
0.5287
0.5544
0.5771
0.5745
0.3106
0.2593
0.2921
0.3427
0.3743
0.2846
0.2933
0.3919
0.6433
0.6832
0.4328
0.4558
0.4485
0.4139
0.6265
0.6424
0.3509
0.3616
0.3768
0.2805
0.2798
0.6108
0.6448
0.6757
0.5810
0.5738
0.6254
0.5532
0.1517
0.1358
0.1927
0.1553
0.1625
0.0731
0.0486
0.0424
0.0467
0.0623
0.7735
0.1517
0.2152
0.1626
0.7728
0.7963
0.8908
0.9085
0.9089
0.1300
0.1009
0.0443
0.0279
0.0340
0.0862
0.9296
0.9331
0.8971
0.8689
0.9044
0.8988
0.9339
0.9279
0.8397
0.0607
0.0545
0.8043
0.0473
0.0547
0.0382
0.0352
0.0649
0.0884
0.1286
0.8785
0.0428
0.0322
0.0355
0.0422
0.0647
0.0827
0.7443
0.0814
0.0768
0.0730
0.0886
0.1241
0.0825
0.0763
0.0699
0.0623
0.0591
0.0940
0.1798
0.9016
0.7974
0.7704
0.7919
0.0829
0.0823
0.0314
0.0193
0.0159
0.0172
0.0284
0.1028
0.9555
0.9437
0.9245
0.9391
0.9198
0.2073
0.1075
0.8582
0.0374
0.0274
0.0304
0.0585
0.9286
0.0715
0.0338
0.0280
0.0373
0.0295
0.0352
0.0712
0.0859
0.0632
0.0852
0.1406
0.1663
0.2285
0.2959
0.8830
0.9079
0.9184
0.9243
0.9288
0.8844
