0.8404
0.8564
0.7769
0.7232
0.7669
0.8158
0.7806
0.7595
0.8184
0.8657
0.8606
0.8010
0.6329
0.5757
0.5760
0.6178
0.7257
0.7434
0.6539
0.6504
0.5696
0.3160
0.2802
0.2619
0.3038
0.3606
0.4057
0.4106
0.2986
0.2521
0.2472
0.2762
0.5041
0.3062
0.2925
0.2726
0.2768
0.3016
0.3055
0.2924
0.3241
0.5650
0.6430
0.6039
0.5383
0.3214
0.2912
0.2592
0.2523
0.2621
0.2629
0.2852
0.3378
0.3328
0.5480
0.5999
0.4328
0.3923
0.3990
0.3258
0.2592
0.2501
0.2767
0.3052
0.3688
0.5355
0.3356
0.3610
0.5953
0.4677
0.4593
0.3955
0.5161
0.2907
0.2851
0.3374
0.6159
0.6450
0.6943
0.4469
0.3556
0.3193
0.2944
0.2668
0.2671
0.2561
0.2627
0.2519
0.2602
0.2487
0.2646
0.5312
0.2311
0.2016
0.5404
0.2399
0.2665
0.8024
0.3161
0.1159
0.0794
0.0860
0.1127
0.2254
0.8435
0.1318
0.0992
0.1482
0.1709
0.8121
0.7158
0.6803
0.6992
0.1710
0.1734
0.1290
0.1813
0.2251
0.8736
0.8020
0.7279
0.0890
0.1020
0.1493
0.1093
0.0433
0.0425
0.0867
0.8654
0.9093
0.8569
0.8368
0.8505
0.8882
0.9131
0.9413
0.1275
0.0354
0.0252
0.0258
0.0317
0.0441
0.0399
0.0441
0.0321
0.0320
0.0623
0.1235
0.8353
0.1219
0.1563
0.0916
0.7306
0.0644
0.0630
0.1106
0.2701
0.9207
0.8553
0.8774
0.1627
0.1460
0.0638
0.0624
0.7089
0.0756
0.0838
0.0964
0.7155
0.7629
0.8888
0.1411
0.0495
0.0318
0.0339
0.0619
0.2449
0.9510
0.9024
0.8804
0.8827
0.0624
0.0317
0.0247
0.0293
0.0371
0.0697
0.0725
0.1219
0.9129
0.0981
0.0779
0.7733
0.1038
0.1221
0.1238
0.0701
0.0755
0.1369
0.8755
0.1289
0.0954
0.6301
0.0962
0.1006
0.6606
0.1190
0.1362
0.2074
0.7125
0.1456
0.0962
0.0837
0.0965
0.1076
0.1201
0.7121
0.7170
0.7802
0.8428
0.2543
0.3247
0.3173
0.8487
0.7146
0.6918
0.7216
0.8073
0.7876
0.2528
0.1819
0.1809
0.8319
0.7823
0.8445
0.8194
0.1551
0.2008
0.1460
0.0669
0.0632
0.0926
0.0762
0.0779
0.1229
0.1014
0.0800
0.1046
0.0722
0.0831
0.1081
0.7706
0.7913
0.8167
0.8356
0.8963
0.9005
0.1371
0.1099
0.0603
0.0736
0.7239
0.1394
0.3098
0.9116
0.1404
0.0661
0.0554
0.0715
0.1345
0.1288
0.1571
0.0938
0.0833
0.0919
0.1272
0.2283
0.7203
0.6514
0.1921
0.1634
0.1491
0.1460
0.2019
0.1667
0.6822
0.7729
0.1234
0.0806
0.0751
0.0973
0.8153
0.1071
0.0875
0.1263
0.1199
0.1218
0.8318
0.0936
0.0762
0.1277
0.8649
0.8922
0.9225
0.9267
0.2465
0.1049
0.1147
0.7983
0.0692
0.0899
0.0568
0.0480
0.0730
0.7294
0.8529
0.8843
0.8659
0.8684
0.8931
0.8981
0.9178
0.9219
0.9137
0.8827
0.7805
0.7504
0.8269
0.1602
0.1357
0.0677
0.0654
0.1063
0.7978
0.8698
0.8635
0.7610
0.7703
0.7968
0.8890
0.2013
0.0753
0.0598
0.0559
0.0538
0.0632
0.0830
0.0539
0.0530
0.0849
0.8629
0.8598
0.9107
0.9047
0.9036
0.1025
0.0627
0.0483
0.0604
0.0817
0.6764
0.7370
0.8072
0.8863
0.8767
0.1392
0.0817
0.0824
0.1272
0.7825
0.2243
0.1922
0.1755
0.2680
0.3018
0.2859
0.7511
0.8313
0.8616
0.8528
0.7893
0.1944
0.1406
0.1561
0.2455
0.2591
0.2629
0.5573
0.3190
0.2939
0.5571
0.5760
0.6059
0.7141
0.4154
0.2778
0.5615
0.2901
0.2159
0.2015
0.2384
0.1693
0.1477
0.1641
0.2452
0.7566
0.8088
0.4071
0.7546
0.3065
0.2588
0.6792
0.7403
0.7722
0.1573
0.0921
0.0822
0.1068
0.2074
0.3006
0.4137
0.4640
0.8388
0.7222
0.6704
0.6305
0.6474
0.7371
0.2372
0.2974
0.8323
0.8072
0.8559
0.3089
0.1707
0.2354
0.8665
0.8525
0.8915
0.8857
0.8238
0.1793
0.0984
0.1338
0.7957
0.8606
0.8709
0.8863
0.3202
0.1740
0.6843
0.7221
0.7884
0.8379
0.8821
0.8820
0.8980
0.1948
0.1432
0.1274
0.0617
0.0340
0.0307
0.0386
0.0664
0.7038
0.8254
0.8344
0.8790
0.8551
0.7385
0.7381
0.8226
0.8388
0.9015
0.9190
0.9206
0.9103
0.8822
0.7958
0.1164
0.1111
0.2241
0.9065
0.2468
0.2539
0.2492
0.2533
0.2401
0.8051
0.7913
0.8168
0.8825
0.8892
0.1513
0.0944
0.0895
0.1330
0.2672
0.8850
0.8141
0.8513
0.1621
0.1018
0.1184
0.6972
0.7984
0.8140
0.8689
0.8724
0.8861
0.8689
0.8084
0.8242
0.7779
0.7574
0.7617
0.8449
0.8655
0.2209
0.1911
0.0859
0.0434
0.0339
0.0343
0.0414
0.0501
0.0848
0.8380
0.8749
0.8990
0.8559
0.2377
0.1772
0.8432
0.8621
0.1711
0.0629
0.0488
0.0636
0.7177
0.1725
0.1704
0.1890
0.8290
0.8054
0.8123
0.8313
0.1683
0.1302
0.2095
0.2461
0.8535
0.2362
0.2519
0.9049
0.9144
0.8971
0.8783
0.7639
0.6814
0.6500
0.1710
0.2669
0.8197
0.2656
0.1722
0.1203
0.1319
0.5746
0.2451
0.3544
0.5945
0.2974
0.5577
0.5507
0.2427
0.2010
0.1892
0.1983
0.2271
0.2294
0.2518
0.2968
0.5454
0.3096
0.3325
0.5316
0.5196
0.5258
0.5417
0.5769
0.6515
0.6632
0.7141
0.6971
0.3752
0.3031
0.3392
0.3012
0.3520
0.4056
0.3326
0.2554
0.2475
0.2295
0.2423
0.2364
0.2613
0.3382
0.2689
0.2563
0.5804
0.3831
0.3634
0.6706
0.2486
0.1932
0.1609
0.5373
0.5342
0.1359
0.1125
0.0942
0.1001
0.1279
0.8016
0.8987
0.9165
0.9007
0.8326
0.8280
0.7311
0.7232
0.7838
0.8745
0.8899
0.8630
0.7580
0.7289
0.7916
0.7720
0.8212
0.7932
0.2328
0.2466
0.2003
0.2784
0.2846
0.6774
0.6123
0.3065
0.3719
0.3525
0.6830
0.6017
0.5395
0.5372
0.1269
0.0760
0.0550
0.0469
0.0361
0.0324
0.0344
0.0355
0.0507
0.1194
0.8717
0.8801
0.8728
0.8467
0.8100
0.1692
0.1769
0.8887
0.0884
0.0505
0.0423
0.0496
0.0772
0.0593
0.0630
0.0927
0.0848
0.1164
0.2360
0.3186
0.3099
0.3293
0.3656
0.2681
0.5398
0.2373
0.2415
0.2284
0.2491
0.5328
0.5525
0.6138
0.3378
0.2483
0.2370
0.2962
0.2695
0.3181
0.4458
0.7413
0.7214
0.7328
0.7720
0.7858
0.8226
0.8429
0.8794
0.9031
0.9194
0.9332
0.9365
0.8924
