0.8725
0.9085
0.8719
0.7875
0.7732
0.8370
0.8078
0.7844
0.2198
0.0976
0.0485
0.0401
0.0473
0.0861
0.8698
0.8592
0.9052
0.1216
0.0598
0.0402
0.0467
0.0548
0.0329
0.0357
0.0697
0.0857
0.8489
0.8714
0.9181
0.9351
0.0781
0.0437
0.0312
0.0328
0.0323
0.0323
0.0509
0.1464
0.2158
0.7728
0.6852
0.6918
0.1434
0.7517
0.0891
0.0758
0.0865
0.1503
0.1154
0.0782
0.0675
0.0763
0.0758
0.0663
0.0757
0.1022
0.7783
0.8653
0.8512
0.7036
0.1162
0.1205
0.2306
0.7893
0.7398
0.7020
0.6536
0.6889
0.1895
0.2556
0.7880
0.1237
0.1215
0.1472
0.7488
0.7731
0.7697
0.7299
0.7348
0.7808
0.8273
0.8934
0.9065
0.3328
0.2140
0.1163
0.7442
0.1114
0.1330
0.8007
0.8683
0.8772
0.8482
0.8249
0.8011
0.1252
0.0862
0.1046
0.8034
0.8543
0.0975
0.0583
0.0651
0.1518
0.8596
0.1631
0.1273
0.3156
