0.8786
0.9181
0.9067
0.8047
0.7194
0.7485
0.8437
0.1332
0.0798
0.0491
0.0397
0.0389
0.0448
0.0654
0.8494
0.1460
0.0617
0.0393
0.0337
0.0344
0.0411
0.0666
0.8023
0.8214
0.8443
0.8775
0.9222
0.1040
0.0479
0.0330
0.0300
0.0324
0.0446
0.0836
0.7728
0.8396
0.7900
0.8212
0.7194
0.0751
0.0595
0.0725
0.0421
0.0363
0.0459
0.0887
0.8811
0.8762
0.8640
0.0556
0.0344
0.0293
0.0331
0.0442
0.0541
0.0843
0.8028
0.8545
0.1118
0.0726
0.0783
0.1488
0.8232
0.7396
0.7682
0.8539
0.8520
0.1450
0.0991
0.1395
0.7933
0.8648
0.8354
0.1016
0.0585
0.0524
0.0734
0.7591
0.8225
0.8611
0.9125
0.8784
0.7780
0.0614
0.0435
0.0438
0.0658
0.7468
0.8123
0.9069
0.2031
0.0576
0.0366
0.0418
0.0704
0.0497
0.0416
0.0377
0.0429
0.0652
0.8194
0.8323
0.8684
0.9132
0.8372
0.0593
0.0355
0.0356
0.0893
0.8879
0.9303
0.9024
