0.8700
0.9187
0.9221
0.9143
0.9124
0.8864
0.9082
0.9003
0.1013
0.0493
0.0532
0.0710
0.0483
0.0533
0.0342
0.0368
0.0464
0.0681
0.8948
0.1263
0.0573
0.0288
0.0256
0.0334
0.0547
0.8873
0.9114
0.9155
0.0671
0.0566
0.0284
0.0311
0.0628
0.0819
0.8911
0.2100
0.1944
0.7803
0.0600
0.0679
0.1223
0.8610
0.7516
0.0975
0.1106
0.1429
0.0977
0.1048
0.0609
0.0507
0.0639
0.1291
0.8643
0.8955
0.8850
0.8204
0.8499
0.1475
0.1354
0.0760
0.0627
0.1103
0.8990
0.9041
0.1235
0.0897
0.1016
0.8338
0.8872
0.8239
0.7724
0.0696
0.0583
0.0784
0.8471
0.0805
0.0697
0.1013
0.0958
0.1048
0.7991
0.7263
0.7752
0.8729
0.8883
0.1661
0.0558
0.0412
0.0472
0.0462
0.0363
0.0388
0.0610
0.1078
0.0886
0.0905
0.8694
0.8844
0.8936
0.1049
0.1214
0.0563
0.0323
0.0318
0.0442
0.0879
0.8052
0.7165
0.6671
0.6683
0.7470
0.8517
0.8702
