0.8652
0.8834
0.7794
0.1029
0.0679
0.0841
0.2020
0.9350
0.9406
0.9206
0.8619
0.7844
0.7196
0.7380
0.8188
0.1522
0.1418
0.0755
0.0484
0.0380
0.0499
0.0377
0.0328
0.0522
0.0625
0.9123
0.0923
0.1144
0.9257
0.9522
0.9487
0.8828
0.0625
0.0645
0.0346
0.0337
0.0351
0.0543
0.8088
0.7857
0.0911
0.0862
0.1412
0.1500
0.0967
0.0885
0.6993
0.7076
0.7981
0.8590
0.8577
0.9053
0.9180
0.9138
0.8765
0.0985
0.0717
0.1135
0.1986
0.8986
0.9208
0.9310
0.9336
0.9337
0.9314
0.9264
0.9348
0.9359
0.9281
0.9020
0.8266
0.8135
0.8301
0.8959
0.9057
0.8812
0.7845
0.6925
0.6995
0.7984
0.1952
0.1310
0.1088
0.1280
0.8287
0.8689
0.8472
0.1090
0.0647
0.0733
0.8900
0.1287
0.0562
0.0303
0.0385
0.0946
0.9501
0.9613
0.9600
0.9504
0.9407
0.0717
0.0531
0.0298
0.0349
0.0236
0.0207
0.0326
0.0926
0.8757
0.8529
0.8399
0.8298
0.1566
0.2342
0.2802
0.3567
0.8887
0.9208
0.9281
0.9212
0.8890
