0.8776
0.9277
0.9197
0.2266
0.0712
0.0408
0.0415
0.0769
0.8754
0.9133
0.9007
0.9050
0.2054
0.0949
0.1067
0.0931
0.7862
0.0949
0.0611
0.0730
0.1293
0.8592
0.8701
0.8070
0.7487
0.7976
0.1219
0.0544
0.0477
0.0762
0.0848
0.1088
0.8861
0.0631
0.0556
0.1054
0.9202
0.8614
0.0631
0.0329
0.0203
0.0200
0.0322
0.0616
0.0571
0.0507
0.8879
0.9487
0.9666
0.9680
0.9632
0.9372
0.8230
0.0405
0.0352
0.0373
0.0388
0.0215
0.0217
0.0387
0.0354
0.0169
0.0183
0.0372
0.8819
0.9473
0.9475
0.1006
0.0754
0.0341
0.0234
0.0287
0.0583
0.9152
0.1724
0.1449
0.0918
0.0851
0.8857
0.1197
0.0671
0.0372
0.0327
0.0276
0.0290
0.0366
0.0611
0.0553
0.0707
0.1137
0.0867
0.0696
0.1016
0.8153
0.8292
0.8971
0.9008
0.8598
0.8200
0.1312
0.0859
0.1074
0.1227
0.1920
0.9158
0.3304
0.2772
0.1718
0.0848
0.0984
0.8014
0.8620
0.8482
0.8952
0.8883
0.9248
0.9054
0.0575
0.0327
0.0355
0.0542
0.1294
0.8935
0.9102
0.9343
0.9019
