0.4062
0.2522
0.2838
0.5060
0.8681
0.8527
0.7234
0.6312
0.3430
0.4067
0.4444
0.8085
0.8315
0.8149
0.7581
0.7179
0.7092
0.7261
0.7553
0.7035
0.7517
0.8256
0.2184
0.1541
0.1205
0.0587
0.0461
0.0401
0.0489
0.0617
0.0658
0.0326
0.0279
0.0388
0.0355
0.0532
0.0664
0.1944
0.9392
0.9270
0.8820
0.0928
0.0578
0.0717
0.1051
0.0958
0.8572
0.9010
0.0762
0.0446
0.0307
0.0327
0.0443
0.1301
0.9411
0.9258
0.9027
0.9212
0.8955
0.9072
0.9355
0.1410
0.0492
0.0435
0.0327
0.0545
0.0674
0.8850
0.8998
0.0509
0.0472
0.0586
0.0555
0.1019
0.8868
0.0672
0.0441
0.0541
0.0945
0.1354
0.9562
0.9572
0.9198
0.0524
0.0459
0.0530
0.0405
0.0596
0.0482
0.0398
0.0318
0.0249
0.0251
0.0234
0.0253
0.0334
0.0467
0.0985
0.1291
0.8042
0.7809
0.8706
0.2226
0.1082
0.1037
0.1451
0.3170
0.8687
0.2373
0.1234
0.1046
0.1292
0.1038
0.1258
0.2514
0.3266
0.8016
0.7237
0.7599
0.7871
0.1259
0.0811
0.0551
0.0563
0.0594
0.0684
0.1164
0.3091
0.8613
0.8364
0.8273
0.2466
0.1302
0.1065
0.1152
0.1510
0.1254
0.1279
0.1271
0.1171
0.1001
0.0850
0.0805
0.1273
0.8739
0.1425
0.1333
0.1151
0.2036
0.8878
0.2091
0.2143
0.3551
0.9212
0.9049
0.1080
0.0542
0.0535
0.0874
0.7560
0.7806
0.8348
0.8714
0.8978
0.9185
0.2881
0.1199
0.7749
0.0827
0.1357
0.8988
0.9151
0.2155
0.1454
0.0696
0.6993
0.0634
0.0615
0.0863
0.8098
0.1821
0.9125
0.2085
0.1191
0.1268
0.1123
0.0787
0.1136
0.1423
0.2269
0.2897
0.3112
0.3075
0.2823
0.2240
0.8503
0.7348
0.7182
0.7651
0.8605
0.8787
0.8487
0.8873
0.8746
0.1077
0.0799
0.0751
0.0804
0.0853
0.0899
0.1154
0.6573
0.7805
0.7962
0.8541
0.8408
0.7454
0.7569
0.8006
0.8854
0.9090
0.9062
0.8862
0.9098
0.9162
0.9080
0.8796
0.8645
0.8706
0.8914
0.8880
0.9214
0.9319
0.9290
0.9112
0.8628
0.2988
0.1318
0.0989
0.1182
0.0849
0.0955
0.1886
0.2948
0.8828
0.8783
0.8986
0.8956
0.8751
0.8167
0.8520
0.8306
0.8247
0.1318
0.0819
0.0530
0.0489
0.0547
0.0620
0.0857
0.1630
0.6700
0.7367
0.7976
0.8395
0.8309
0.7716
0.7251
0.7030
0.6950
0.6937
0.7042
0.7885
0.7937
0.8614
0.5023
0.4362
0.3222
0.2868
0.2068
0.1740
0.1582
0.0900
0.0898
0.1572
0.1985
0.8630
0.7976
0.7331
0.7503
0.8304
0.8302
0.8455
0.9012
0.9155
0.9104
0.8825
0.7983
0.7883
0.8545
0.8505
0.1082
0.0906
0.1672
0.2025
0.1499
0.8808
0.7473
0.0534
0.0425
0.0423
0.0662
0.0633
0.0672
0.0932
0.9301
0.0651
0.0363
0.0294
0.0492
0.0528
0.0428
0.1079
0.9297
0.9312
0.9480
0.9556
0.9151
0.0630
0.0379
0.0270
0.0235
0.0259
0.0575
0.1195
0.9392
0.9532
0.1555
0.0793
0.0285
0.0264
0.0319
0.0679
0.0825
0.8972
0.0787
0.0631
0.0541
0.0568
0.0932
0.8074
0.7750
0.8356
0.7502
0.6579
0.6425
0.6758
0.0994
0.0752
0.0825
0.8225
0.1006
0.0783
0.0951
0.0730
0.0810
0.2254
0.9402
0.9356
0.9133
0.9306
0.9357
0.9281
0.9223
0.0731
0.0300
0.0252
0.0358
0.0627
0.1759
0.9036
0.8502
0.0680
0.0440
0.0399
0.0471
0.0472
0.0402
0.0417
0.0559
0.0814
0.1736
0.2274
0.2813
0.2004
0.1356
0.0983
0.0945
0.1036
0.1087
0.1326
0.2083
0.3402
0.6439
0.7047
0.6476
0.6746
0.5692
0.5518
0.1950
0.1892
0.2557
0.2168
0.1632
0.1143
0.0818
0.0840
0.0992
0.7119
0.8265
0.2235
0.2886
0.3063
0.3021
0.8639
0.1267
0.1463
0.8274
0.8721
0.3213
0.2003
0.0640
0.0487
0.0703
0.7502
0.7906
0.8566
0.8925
0.9090
0.1100
0.0589
0.0467
0.0720
0.1309
0.8018
0.7517
0.6991
0.6920
0.7356
0.2256
0.1514
0.7419
0.1291
0.1250
0.1048
0.1016
0.7099
0.7575
0.1360
0.1523
0.1028
0.1191
0.0939
0.1286
0.1338
0.1847
0.3964
0.8321
0.8119
0.7356
0.6787
0.7340
0.6762
0.6173
0.1731
0.1436
0.1576
0.1979
0.3346
0.3894
0.3316
0.3241
0.2613
0.7879
0.6905
0.6879
0.6633
0.6193
0.6435
0.1247
0.1227
0.8223
0.0924
0.0700
0.0662
0.1091
0.9141
0.1471
0.0433
0.0249
0.0207
0.0220
0.0313
0.0707
0.9333
0.1108
0.1180
0.0859
0.0478
0.0442
0.1130
0.9112
0.9266
0.9256
0.8879
0.0566
0.0309
0.0261
0.0335
0.0417
0.0510
0.8357
0.1011
0.0639
0.0649
0.1029
0.8659
0.1010
0.0527
0.0380
0.0371
0.0358
0.0462
0.0915
0.0945
0.8905
0.8974
0.8665
0.0505
0.0334
0.0255
0.0308
0.0576
0.0686
0.0934
0.1687
0.8671
0.8955
0.9084
0.9057
0.8869
0.8840
0.8245
0.0786
0.0896
0.0574
0.0390
0.0277
0.0260
0.0551
0.9410
0.9616
0.9272
0.0513
0.0453
0.0843
0.1123
0.0839
0.0340
0.0180
0.0179
0.0263
0.0565
0.9089
0.1789
0.1239
0.0871
0.0455
0.0508
0.0917
0.7750
0.8186
0.8657
0.8441
0.7281
0.6145
0.1488
0.1890
0.2670
0.2289
0.1944
0.1796
0.5558
0.2792
0.2587
0.3131
0.6497
0.6823
0.6367
0.6753
0.6387
0.6960
0.6848
0.7618
0.7629
0.6832
0.1492
0.1081
0.0873
0.0713
0.0805
0.1106
0.8517
0.8879
0.8474
0.1250
0.1378
0.1120
0.1801
0.2037
0.1793
0.7709
0.8347
0.8723
0.4309
0.3441
0.2435
0.1463
0.1200
0.1508
0.8673
0.8291
0.7848
0.7242
0.7335
0.7871
0.8683
0.8644
0.7695
0.1626
0.2116
0.2143
0.1852
0.2102
0.3123
0.7952
0.7782
0.7260
0.6858
0.2656
0.2298
0.2323
0.5674
0.6192
0.6902
0.6421
0.2791
0.1899
0.1915
0.3089
0.7869
0.8624
0.8889
0.9032
0.9062
0.8650
