0.8460
0.8270
0.1175
0.0552
0.0766
0.0627
0.0678
0.0857
0.8223
0.8053
0.7742
0.7949
0.8822
0.2855
0.1483
0.0410
0.0245
0.0227
0.0236
0.0367
0.0714
0.1641
0.9349
0.0910
0.0902
0.1017
0.9016
0.9251
0.8987
0.8698
0.8851
0.8795
0.8365
0.0749
0.0699
0.0953
0.9394
0.0940
0.0559
0.0607
0.0330
0.0212
0.0208
0.0269
0.0451
0.0781
0.7545
0.7774
0.8662
0.8441
0.8024
0.7426
0.1073
0.1118
0.0608
0.0552
0.0566
0.0903
0.7735
0.8418
0.8146
0.8527
0.8232
0.8147
0.8946
0.1530
0.0679
0.0332
0.0243
0.0232
0.0296
0.0573
0.0626
0.0392
0.0513
0.0572
0.0959
0.1589
0.9324
0.9322
0.1018
0.1179
0.0710
0.0251
0.0218
0.0336
0.8292
0.0432
0.0393
0.0665
0.9033
0.9129
0.9271
0.9276
0.9099
0.0916
0.0694
0.0665
0.8693
0.0414
0.0297
0.0337
0.0608
0.8400
0.1049
0.1108
0.8145
0.8177
0.8407
0.8647
0.1186
0.1008
0.0962
0.0607
0.0438
0.0335
0.0235
0.0157
0.0130
0.0126
0.0146
0.0244
0.0779
0.9019
0.9476
0.9571
0.9578
0.9220
