0.8347
0.8661
0.8616
0.8556
0.8356
0.6993
0.6385
0.6584
0.7531
0.7996
0.6650
0.6089
0.1642
0.1635
0.1671
0.2128
0.1219
0.0962
0.1024
0.6585
0.1259
0.1480
0.2997
0.3934
0.8243
0.8264
0.7246
0.6904
0.1265
0.0959
0.0759
0.0848
0.1338
0.1098
0.1278
0.2204
0.7100
0.7181
0.7220
0.2099
0.2138
0.7304
0.1291
0.0953
0.1214
0.7105
0.8096
0.8725
0.8789
0.8926
0.8909
0.8801
0.8515
0.1597
0.1342
0.1964
0.7923
0.8070
0.8291
0.2162
0.2438
0.2522
0.8869
0.8656
0.7673
0.7397
0.7877
0.8778
0.8855
0.8790
0.0874
0.0529
0.0633
0.7135
0.1630
0.1543
0.7602
0.7635
0.8495
0.1491
0.0817
0.0856
0.1759
0.8592
0.8129
0.8459
0.7310
0.6772
0.6534
0.0879
0.0830
0.1184
0.8764
0.1433
0.0711
0.0531
0.0553
0.0629
0.0541
0.0519
0.0607
0.0981
0.7956
0.8742
0.2088
0.2349
0.1672
0.8279
0.8037
0.7544
0.7250
0.0912
0.0895
0.1164
0.7915
0.8828
0.8742
0.8154
0.0662
0.0426
0.0445
0.0785
0.2525
0.9029
0.8990
0.8986
0.8523
0.7901
0.7359
0.7725
0.8660
0.9214
0.9033
