0.8514
0.9060
0.9218
0.9283
0.9149
0.8933
0.7943
0.7204
0.6410
0.1562
0.1335
0.1445
0.7042
0.1294
0.7261
0.0875
0.0656
0.0712
0.1224
0.1302
0.0963
0.1345
0.1801
0.2339
0.9154
0.1468
0.1672
0.8497
0.0551
0.0398
0.0335
0.0400
0.0542
0.1160
0.1442
0.8224
0.0817
0.0805
0.1072
0.8298
0.8218
0.2103
0.9133
0.3123
0.2694
0.8952
0.0783
0.0459
0.0299
0.0224
0.0237
0.0352
0.0277
0.0227
0.0311
0.0506
0.0493
0.8240
0.0687
0.1108
0.9064
0.0798
0.0456
0.0644
0.0910
0.9097
0.9393
0.9176
0.9259
0.9334
0.9266
0.0563
0.0337
0.0330
0.0750
0.9543
0.1390
0.1399
0.9043
0.0543
0.0244
0.0149
0.0160
0.0251
0.0241
0.0230
0.0265
0.0544
0.0937
0.1249
0.9084
0.1112
0.1295
0.8958
0.1419
0.8499
0.8525
0.2453
0.2663
0.2081
0.8418
0.0616
0.0443
0.0386
0.0585
0.0536
0.0872
0.0805
0.8812
0.1035
0.0859
0.8321
0.0857
0.0711
0.0519
0.0377
0.0377
0.0369
0.0375
0.0576
0.1455
0.9014
0.1751
0.8157
0.1829
0.1267
0.1913
0.8532
0.8916
0.8841
0.8429
0.8714
0.9078
0.8848
