0.8280
0.7867
0.1986
0.1254
0.1367
0.1383
0.1338
0.7262
0.7787
0.1630
0.1670
0.0867
0.0635
0.0441
0.0366
0.0343
0.0289
0.0283
0.0358
0.0648
0.0690
0.0830
0.2081
0.8957
0.8811
0.7741
0.7633
0.1599
0.0857
0.1110
0.8169
0.8962
0.9161
0.9120
0.9208
0.9174
0.8888
0.0975
0.0864
0.1494
0.8872
0.9007
0.8641
0.8203
0.0988
0.0852
0.1253
0.8336
0.0526
0.0320
0.0272
0.0329
0.0581
0.0657
0.0731
0.0869
0.0639
0.0601
0.0786
0.7819
0.8328
0.2961
0.2220
0.1225
0.1032
0.1315
0.8862
0.3469
0.3460
0.2920
0.7864
0.7733
0.1347
0.0918
0.0712
0.0933
0.7432
0.7693
0.2104
0.1341
0.1614
0.2038
0.1405
0.7307
0.7275
0.7707
0.8349
0.7879
0.8001
0.8624
0.8534
0.8550
0.9048
0.9073
0.0996
0.0780
0.0393
0.0459
0.0717
0.8579
0.8735
0.9028
0.9421
0.9444
0.9389
0.0707
0.0434
0.0222
0.0270
0.0498
0.9098
0.0458
0.0448
0.0594
0.0540
0.0581
0.7964
0.0472
0.0526
0.1105
0.1869
0.8832
0.8438
0.1167
0.0978
0.1093
0.8103
0.8575
0.1475
0.1729
0.1612
0.1235
0.1312
0.8222
0.8102
0.8660
0.8957
0.1628
0.1256
0.0811
0.1147
0.3130
0.8699
