0.8608
0.9060
0.9151
0.9075
0.9254
0.9316
0.9276
0.9118
0.8697
0.7385
0.6670
0.6870
0.5975
0.5879
0.2670
0.3091
0.8408
0.3784
0.1431
0.0859
0.0806
0.1088
0.2032
0.8614
0.8838
0.8544
0.7558
0.7641
0.1199
0.0960
0.0963
0.1113
0.1616
0.7944
0.8629
0.8535
0.7489
0.7243
0.1763
0.1342
0.1886
0.2012
0.1715
0.7553
0.6340
0.6400
0.7099
0.6202
0.1154
0.1068
0.1688
0.7850
0.2215
0.1957
0.3613
0.9077
0.9113
0.9092
0.9027
0.3173
0.1207
0.1166
0.7469
0.8113
0.7285
0.6988
0.6891
0.6997
0.1086
0.1070
0.2159
0.8868
0.8722
0.7562
0.1077
0.0820
0.0989
0.7208
0.1118
0.0926
0.0943
0.6919
0.0850
0.0609
0.0516
0.0528
0.0510
0.0607
0.0637
0.0542
0.0494
0.0875
0.8989
0.8855
0.9173
0.9089
0.9375
0.9362
0.8781
0.7955
0.0436
0.0321
0.0333
0.0521
0.0365
0.0380
0.0559
0.0388
0.0420
0.0765
0.8546
0.8455
0.8987
0.9077
0.1602
0.0618
0.0460
0.0401
0.0430
0.0980
0.9286
0.9459
0.9450
0.9380
0.9189
0.8305
0.7672
0.7184
0.0522
0.0372
0.0330
0.0378
0.0558
0.1231
0.7755
0.8151
0.8927
0.9119
0.9130
0.8944
0.7803
0.0881
0.0603
0.0535
0.0550
0.0621
0.0818
0.1238
0.3623
0.8237
