0.8722
0.9193
0.9149
0.8626
0.8327
0.8292
0.8273
0.7288
0.7080
0.6938
0.6749
0.7470
0.2316
0.1875
0.2158
0.1515
0.5657
0.1349
0.1526
0.6789
0.7275
0.7392
0.7254
0.7986
0.1375
0.0878
0.0706
0.0992
0.7508
0.8479
0.8320
0.8039
0.8461
0.7449
0.0715
0.0588
0.0731
0.0511
0.0523
0.0644
0.1156
0.0968
0.8049
0.0621
0.0419
0.0396
0.0508
0.0734
0.8556
0.2378
0.1908
0.0815
0.7599
0.0688
0.0610
0.0771
0.0532
0.0737
0.8309
0.8717
0.8713
0.8258
0.1194
0.1402
0.8797
0.9314
0.9233
0.8920
0.1028
0.1119
0.9302
0.0720
0.0519
0.0345
0.0272
0.0331
0.6788
0.0557
0.0799
0.1488
0.8898
0.8173
0.8447
0.8554
0.0972
0.0928
0.0395
0.0297
0.0297
0.0364
0.0374
0.0332
0.0379
0.0561
0.1105
0.1182
0.1111
0.0912
0.0344
0.0258
0.0338
0.0877
0.9434
0.9535
0.9481
0.9130
0.0992
0.7404
0.0314
0.0264
0.0326
0.0709
0.1837
0.2122
0.8696
0.0727
0.0518
0.0479
0.0509
0.0458
0.0349
0.0344
0.0487
0.8631
0.0942
0.1375
0.0991
0.0445
0.0260
0.0199
0.0221
0.0559
0.9276
0.9611
0.9605
0.9611
0.9270
0.8620
0.0328
0.0186
0.0160
0.0198
0.0332
0.0303
0.0247
0.0219
0.0311
0.0286
0.0310
0.0639
0.0913
0.0940
0.8847
0.8943
0.8141
0.7885
0.1146
0.1402
0.8743
0.1082
0.0690
0.0583
0.1468
0.8867
0.8924
