0.8751
0.9271
0.9354
0.9263
0.9298
0.9279
0.9156
0.8827
0.4135
0.2736
0.2961
0.2317
0.7099
0.1737
0.1377
0.1003
0.0847
0.0860
0.1143
0.2144
0.2048
0.1016
0.1067
0.7246
0.8438
0.8620
0.8843
0.1745
0.0736
0.0556
0.0440
0.0426
0.0521
0.0898
0.7947
0.8005
0.8166
0.7952
0.1793
0.2103
0.8650
0.8088
0.1252
0.1003
0.1545
0.8028
0.1707
0.2874
0.8610
0.8069
0.8592
0.8410
0.1114
0.0835
0.1215
0.8242
0.0913
0.0710
0.0988
0.2742
0.9194
0.9068
0.1123
0.0478
0.0473
0.0856
0.8973
0.9083
0.1788
0.0643
0.0460
0.0353
0.0270
0.0270
0.0352
0.0536
0.8539
0.2039
0.9442
0.9422
0.1262
0.0458
0.0325
0.0679
0.9191
0.9311
0.9525
0.9494
0.9179
0.8684
0.8468
0.8129
0.0580
0.0534
0.0675
0.1713
0.9491
0.0562
0.0360
0.0477
0.0337
0.0258
0.0303
0.0526
0.0496
0.0717
0.7331
0.7549
0.7819
0.7974
0.8155
0.8812
0.8659
0.0967
0.0632
0.0830
0.2178
0.8930
0.8088
0.1155
0.0754
0.0482
0.0444
0.0435
0.0425
0.0488
0.0754
0.8600
0.9351
0.2524
0.0651
0.0479
0.0835
0.9050
0.9068
0.9013
0.8893
0.0798
0.0549
0.0708
0.1168
0.8035
0.8406
0.1067
0.0693
0.0710
0.1215
0.8169
0.7413
0.6953
0.6817
0.6852
0.1247
0.0855
0.0791
0.0973
0.7339
0.1121
0.0945
0.1078
0.7005
0.1385
0.1376
0.1551
0.3102
0.8324
0.8995
0.8737
