0.7849
0.7670
0.3893
0.3099
0.2309
0.5945
0.2301
0.6334
0.7026
0.2031
0.1546
0.1783
0.7336
0.2085
0.2036
0.7958
0.1460
0.0856
0.0569
0.0511
0.0635
0.1306
0.8765
0.9030
0.8750
0.8440
0.1549
0.0853
0.0566
0.0562
0.0754
0.1517
0.8499
0.8668
0.7693
0.1293
0.0758
0.0733
0.1158
0.7617
0.8850
0.9078
0.8779
0.1227
0.0693
0.0743
0.1218
0.7109
0.2510
0.1485
0.1339
0.6892
0.2116
0.1322
0.1461
0.7383
0.8293
0.7462
0.1278
0.0988
0.1113
0.6515
0.0941
0.0799
0.0958
0.1332
0.2355
0.2433
0.1588
0.6987
0.7965
0.7741
0.7622
0.2084
0.0839
0.0548
0.0516
0.0630
0.1011
0.7965
0.7842
0.7808
0.7479
0.0724
0.0470
0.0458
0.0534
0.0728
0.1753
0.9133
0.9127
0.8946
0.1275
0.0893
0.0855
0.1025
0.8161
0.1568
0.1215
0.0798
0.0529
0.0480
0.0462
0.0628
0.1463
0.2409
0.8605
0.8821
0.8789
0.8431
0.8825
0.8936
0.8899
0.9058
0.9068
0.8931
0.8424
0.7902
0.8208
0.7369
0.7278
0.7754
0.8560
0.9064
0.1655
0.0730
0.0404
0.0368
0.0485
0.0423
0.0582
0.1416
0.2657
0.8653
0.8602
0.8281
0.7037
0.7010
0.7852
0.7165
0.6320
0.1222
0.0982
0.1423
0.8062
0.8817
0.8748
0.7752
0.7234
0.6690
0.6674
0.6259
0.6127
0.1539
0.1401
0.1804
0.7213
0.2457
0.2625
0.7125
0.2198
0.1702
0.1692
0.5469
0.2029
0.5604
0.2099
0.2973
0.5312
0.8782
0.8627
