0.8738
0.9302
0.9442
0.9405
0.9184
0.8564
0.7846
0.2125
0.2582
0.2469
0.1666
0.8333
0.0977
0.0760
0.0704
0.0724
0.0846
0.1695
0.8559
0.8440
0.1762
0.0743
0.0362
0.0295
0.0326
0.0479
0.0886
0.8759
0.8342
0.8707
0.1930
0.1866
0.8458
0.9038
0.9070
0.0797
0.0391
0.0325
0.0348
0.0317
0.0335
0.0451
0.7783
0.0558
0.0564
0.0872
0.0851
0.8528
0.8656
0.8890
0.9236
0.9436
0.9374
0.9053
0.9101
0.2280
0.9095
0.0817
0.0550
0.1013
0.9364
0.9361
0.0779
0.0513
0.0502
0.8107
0.0794
0.0405
0.0363
0.0571
0.8299
0.9238
0.3696
0.2681
0.8503
0.0574
0.0571
0.0374
0.0431
0.0567
0.0778
0.0569
0.0468
0.0460
0.0536
0.1096
0.1090
0.0523
0.0468
0.0618
0.0703
0.0673
0.0760
0.0792
0.0998
0.7134
0.3211
0.8659
0.2379
0.2137
0.8392
0.8454
0.8828
0.3509
0.1626
0.6317
0.6040
0.0878
0.0756
0.0898
0.1229
0.7573
0.8233
0.7293
0.6849
0.6701
0.6731
0.6830
0.6992
0.1318
0.1531
0.0888
0.0813
0.6134
0.0992
0.1262
0.6927
0.7708
0.7617
0.3080
0.4264
0.8861
0.2212
0.6585
0.0893
0.0961
0.1405
0.7760
0.1703
0.2086
0.8618
0.8919
0.3966
0.2262
0.1336
0.6979
0.0742
0.0681
0.0929
0.7772
0.8138
0.8851
0.8516
0.7835
0.7545
0.0754
0.0554
0.0614
0.6410
0.1073
0.2053
0.3097
0.8731
0.8415
0.2341
0.2351
0.7608
0.7183
0.6938
0.6847
0.7805
0.8991
0.9316
0.9340
0.9219
0.8830
