0.7939
0.7967
0.7403
0.7432
0.8177
0.8156
0.7314
0.7338
0.7549
0.7475
0.3140
0.2139
0.1827
0.1916
0.2334
0.3211
0.7128
0.7949
0.7988
0.7955
0.7387
0.6000
0.5460
0.5419
0.5678
0.3227
0.2676
0.2213
0.2393
0.3157
0.7428
0.7818
0.7432
0.7745
0.7553
0.7453
0.6506
0.6642
0.7668
0.8363
0.8138
0.6547
0.5944
0.6216
0.1487
0.1380
0.7441
0.1003
0.0934
0.0775
0.0516
0.0389
0.0326
0.0290
0.0264
0.0250
0.0255
0.0297
0.0401
0.0248
0.0204
0.0239
0.0451
0.1700
0.9500
0.0616
0.0323
0.0362
0.0820
0.8995
0.9198
0.9066
0.8922
0.8633
0.0583
0.0382
0.0380
0.0573
0.8756
0.0716
0.0454
0.0362
0.0406
0.0587
0.1049
0.7491
0.7085
0.6974
0.7018
0.1168
0.0983
0.7620
0.0732
0.0604
0.0627
0.8099
0.0523
0.0395
0.0410
0.0763
0.9010
0.9375
0.9085
0.9063
0.9278
0.8517
0.0462
0.0311
0.0359
0.0725
0.9253
0.0805
0.0534
0.0555
0.7642
0.0450
0.0333
0.0281
0.0269
0.0265
0.0259
0.0248
0.0241
0.0242
0.0264
0.0342
0.0612
0.0714
0.8340
0.2809
0.3990
0.8845
0.7966
0.8162
0.8849
0.8975
0.8761
0.7865
0.7602
0.7536
0.8108
0.8571
0.8407
0.8343
0.8375
0.8478
0.2397
0.2422
0.1569
0.1775
0.2844
0.6016
0.5653
0.5850
0.5782
0.5949
0.5919
0.6156
0.6148
0.5905
0.5987
0.2644
0.3006
0.1984
0.1767
0.1624
0.1974
0.5884
0.6836
0.7107
0.7864
0.7820
0.7060
0.7510
0.8611
0.9078
0.9287
0.9417
0.9434
0.9008
