0.8381
0.8499
0.7561
0.2555
0.2407
0.7893
0.3710
0.3743
0.8486
0.8172
0.1838
0.1227
0.1331
0.6309
0.1800
0.2636
0.2428
0.7298
0.1108
0.0853
0.1213
0.7548
0.8249
0.8008
0.8499
0.8916
0.8889
0.8282
0.7015
0.0852
0.0690
0.0877
0.7846
0.1941
0.1400
0.0992
0.1230
0.0917
0.1128
0.7277
0.2574
0.1415
0.0983
0.0908
0.6511
0.0660
0.0423
0.0340
0.0355
0.0531
0.1139
0.9261
0.9369
0.2736
0.1738
0.0753
0.7395
0.0491
0.0443
0.0582
0.0735
0.0957
0.8905
0.8905
0.8740
0.0547
0.0336
0.0292
0.0368
0.0636
0.8335
0.8305
0.1173
0.1508
0.2535
0.8841
0.9123
0.1545
0.1329
0.0500
0.0336
0.0285
0.0281
0.0298
0.0352
0.0498
0.0979
0.8151
0.8947
0.2952
0.0981
0.0744
0.1052
0.8076
0.8029
0.2519
0.4212
0.9054
0.8822
0.0980
0.0515
0.0447
0.0510
0.0719
0.6959
0.7030
0.7518
0.1403
0.1364
0.0593
0.0522
0.0894
0.8590
0.9273
0.2723
0.1008
0.8108
0.0398
0.0320
0.0456
0.1695
0.9563
0.9500
0.1328
0.0965
0.8369
0.8560
0.8835
0.9211
0.1551
0.1516
0.9324
0.0559
0.0297
0.0265
0.0389
0.7742
0.0810
0.1274
0.8998
0.0587
0.0357
0.0390
0.0828
0.2429
0.9326
0.9296
0.9053
0.1007
0.0548
0.0406
0.0480
0.0836
0.7719
0.8618
0.2696
0.1907
0.6695
0.6089
0.0840
0.0674
0.0829
0.1868
0.8630
0.8528
0.7206
0.6767
0.6516
0.6871
0.7892
0.8589
0.8593
0.3332
0.4107
0.8209
0.1814
0.2131
0.8001
0.9034
0.9264
0.8876
