0.8779
0.9377
0.9501
0.9454
0.9262
0.9073
0.8645
0.8825
0.3244
0.2346
0.1063
0.0911
0.1232
0.7171
0.7180
0.7638
0.7899
0.2088
0.0960
0.0712
0.0777
0.0780
0.0864
0.0813
0.0804
0.0873
0.1227
0.7315
0.7809
0.7899
0.7739
0.8252
0.6934
0.0866
0.0601
0.0562
0.0723
0.1291
0.7335
0.7810
0.8566
0.8406
0.7059
0.5729
0.1214
0.1169
0.1893
0.8689
0.8953
0.2098
0.0762
0.0508
0.0468
0.0554
0.0877
0.7295
0.7990
0.8905
0.9001
0.8440
0.1514
0.0565
0.0414
0.0496
0.0924
0.2609
0.8787
0.1861
0.1223
0.1322
0.6143
0.6255
0.6655
0.7387
0.8669
0.3268
0.1312
0.0999
0.6038
0.1240
0.1363
0.2405
0.9090
0.2796
0.0800
0.0485
0.0483
0.0639
0.1085
0.8732
0.1575
0.1199
0.7294
0.1309
0.7423
0.0793
0.0571
0.0512
0.0587
0.0968
0.8074
0.8228
0.8254
0.8701
0.8414
0.8203
0.8674
0.8154
0.0794
0.0610
0.0897
0.9139
0.0851
0.0521
0.0392
0.0613
0.8549
0.9029
0.9216
0.9217
0.9009
0.8342
0.0562
0.0360
0.0365
0.0667
0.8713
0.9350
0.9315
0.0932
0.0521
0.0581
0.7828
0.0541
0.0387
0.0350
0.0433
0.0747
0.8501
0.1987
0.8443
0.1293
0.1178
0.7001
0.8295
0.2171
0.1341
0.1525
0.1028
0.7159
0.7413
0.8125
0.8899
0.8822
0.1180
0.0811
0.0830
0.1727
0.8184
0.8805
0.8861
0.8414
0.8604
0.7482
0.0753
0.0504
0.0436
0.0463
0.0569
0.0794
0.7018
0.1027
0.1226
0.2620
0.8441
0.7889
0.8351
0.8266
0.8349
0.7749
0.7767
0.1815
0.1467
0.2705
0.8651
0.9150
0.8804
