0.3305
0.1494
0.1257
0.1911
0.3721
0.8526
0.8776
0.8372
0.6984
0.6224
0.1828
0.1425
0.1289
0.1115
0.1105
0.1295
0.1549
0.7195
0.2033
0.2025
0.1834
0.0892
0.0729
0.0976
0.7348
0.7840
0.1948
0.1722
0.2901
0.8209
0.7538
0.7560
0.7068
0.0757
0.0488
0.0467
0.0672
0.1512
0.1478
0.0633
0.0701
0.7537
0.7979
0.8472
0.9055
0.8880
0.8561
0.8620
0.8261
0.0653
0.0550
0.0543
0.0513
0.0403
0.0322
0.0393
0.0681
0.7429
0.7475
0.7389
0.1423
0.1480
0.2701
0.8521
0.7690
0.0723
0.0463
0.0477
0.0821
0.1746
0.2214
0.7316
0.7403
0.8548
0.8439
0.6941
0.0889
0.0634
0.0664
0.0953
0.8197
0.1310
0.1297
0.8365
0.1283
0.1311
0.2439
0.8240
0.7355
0.7368
0.7048
0.0712
0.0589
0.0766
0.0978
0.0504
0.0489
0.7989
0.0599
0.0521
0.0693
0.8836
0.0428
0.0317
0.0444
0.1289
0.9588
0.9711
0.9580
0.0547
0.0258
0.0271
0.0501
0.8769
0.0663
0.0775
0.1600
0.8451
0.8258
0.8646
0.1035
0.0770
0.1009
0.1339
0.0829
0.0845
0.6727
0.6997
0.6909
0.7081
0.1488
0.1114
0.1625
0.8511
0.8680
0.8686
0.1627
0.1084
0.6972
0.0805
0.0627
0.0634
0.0919
0.8120
0.9011
0.3813
0.2470
0.0926
0.0761
0.1064
0.0773
0.0801
0.1060
0.1754
0.1388
0.1368
0.1786
0.6537
0.7665
0.8050
0.7764
0.6809
0.6963
0.7289
0.6484
0.5888
0.5961
0.6701
0.6489
0.7296
0.2833
0.3215
0.8244
0.0971
0.0560
0.0695
0.1894
0.3078
0.9067
0.8352
0.8150
0.8189
0.0986
0.0664
0.0407
0.0371
0.0593
0.6959
0.1785
0.3766
