0.8483
0.8897
0.8967
0.8923
0.8340
0.3696
0.5635
0.2082
0.2222
0.5707
0.6464
0.6148
0.6391
0.6830
0.7929
0.7677
0.2486
0.2033
0.4951
0.2722
0.5960
0.4460
0.4609
0.3943
0.3578
0.2404
0.2197
0.2597
0.3645
0.7608
0.8047
0.7818
0.7019
0.6499
0.6431
0.6762
0.7918
0.8292
0.8135
0.7114
0.5961
0.5707
0.5359
0.1873
0.1815
0.5702
0.6327
0.1960
0.1578
0.1226
0.1161
0.1409
0.6603
0.6987
0.7159
0.1308
0.0899
0.0911
0.1373
0.1497
0.6403
0.6564
0.2287
0.3056
0.8208
0.4224
0.2578
0.1675
0.1331
0.1223
0.1645
0.8233
0.1634
0.1331
0.0836
0.0910
0.1560
0.8138
0.1147
0.0945
0.0911
0.0804
0.0604
0.0446
0.0448
0.0627
0.1394
0.9281
0.1068
0.0508
0.0359
0.0305
0.0269
0.0237
0.0210
0.0193
0.0205
0.0283
0.0457
0.0875
0.2369
0.9453
0.9380
0.9056
0.1099
0.0586
0.0483
0.0838
0.8537
0.8523
0.8846
0.9283
0.9262
0.8717
0.1214
0.0760
0.1310
0.1987
0.8618
0.7707
0.7818
0.7917
0.1541
0.1097
0.1905
0.8869
0.8988
0.0481
0.0258
0.0260
0.0564
0.9036
0.9493
0.9478
0.9613
0.2433
0.0711
0.0349
0.0476
0.8745
0.8545
0.0495
0.0330
0.0314
0.0292
0.0249
0.0291
0.0452
0.0270
0.0224
0.0250
0.0362
0.7180
0.0533
0.0644
0.1288
0.9345
0.0736
0.0367
0.0288
0.0309
0.0411
0.0698
0.7873
0.8172
0.8348
0.8885
0.3276
0.2876
0.2153
0.1386
0.0595
0.0436
0.0371
0.0443
0.0711
0.1046
0.7948
0.7856
0.2002
0.1172
0.1038
0.1505
0.1220
0.1371
0.6450
0.1728
0.2210
0.1714
0.1801
0.1778
0.1597
0.1709
0.1848
0.5328
0.5898
0.7248
0.7943
