0.8194
0.8613
0.8085
0.4410
0.4436
0.4028
0.2488
0.2071
0.2612
0.6658
0.7107
0.5903
0.5422
0.5254
0.1987
0.1856
0.2176
0.1826
0.5710
0.6237
0.7221
0.8067
0.8627
0.8658
0.8369
0.8236
0.2854
0.8060
0.1561
0.1235
0.1852
0.8072
0.7971
0.6254
0.1359
0.1119
0.1336
0.2115
0.7159
0.1081
0.0679
0.0575
0.0605
0.0827
0.1640
0.7897
0.8272
0.8961
0.8986
0.1977
0.0907
0.0915
0.1238
0.8412
0.1379
0.1108
0.6391
0.1122
0.0975
0.1206
0.2279
0.8026
0.6852
0.1958
0.6081
0.1138
0.0852
0.0665
0.0667
0.0935
0.2309
0.9164
0.9123
0.7849
0.0752
0.0498
0.0530
0.0895
0.1628
0.1536
0.6987
0.2460
0.8501
0.8421
0.1913
0.1278
0.1542
0.1928
0.7719
0.0792
0.0666
0.0686
0.0804
0.1528
0.1476
0.0677
0.0554
0.0547
0.6596
0.0713
0.0906
0.8177
0.9055
0.3073
0.2285
0.0851
0.7296
0.0423
0.0286
0.0244
0.0285
0.0600
0.9093
0.9614
0.9688
0.9566
0.0621
0.0232
0.0189
0.0245
0.0480
0.8958
0.1406
0.1797
0.3002
0.9090
0.8754
0.8635
0.1291
0.0994
0.6682
0.1978
0.8575
0.8663
0.8953
0.8897
0.8743
0.2146
0.1204
0.1541
0.9057
0.0926
0.0791
0.0434
0.0557
0.0434
0.0463
0.0819
0.9424
0.9313
0.9444
0.9000
0.0527
0.0362
0.0473
0.0479
0.0565
0.0851
0.1592
0.8522
0.7953
0.1128
0.0917
0.1408
0.8135
0.8701
0.8762
0.8535
0.7857
0.8089
0.7830
0.7846
0.8104
0.8432
0.7944
0.7149
0.0852
0.0607
0.0616
0.0713
0.0892
0.1700
0.2263
0.1911
0.8134
0.1872
0.1197
0.1157
0.1522
0.6169
0.6922
0.6401
0.1927
0.1366
0.1231
0.1323
0.1389
0.2232
0.7760
0.8402
