0.5278
0.4510
0.5688
0.8903
0.8171
0.2069
0.1350
0.1302
0.1185
0.1154
0.1178
0.1045
0.0992
0.1059
0.1098
0.1455
0.8355
0.1508
0.1022
0.0801
0.0854
0.0486
0.0416
0.0506
0.0428
0.0615
0.1623
0.3536
0.9258
0.9058
0.8016
0.7617
0.7622
0.1447
0.1264
0.1037
0.0805
0.0804
0.0759
0.0993
0.6377
0.6435
0.6607
0.7018
0.7357
0.8197
0.8080
0.8035
0.8643
0.8564
0.1445
0.0836
0.0948
0.1454
0.8393
0.8589
0.7612
0.7160
0.7288
0.1356
0.1458
0.0997
0.1293
0.7588
0.6782
0.7040
0.7864
0.8643
0.2892
0.1090
0.1074
0.7644
0.8724
0.9011
0.1097
0.0430
0.0334
0.0396
0.0525
0.0762
0.1215
0.9261
0.0906
0.0500
0.0400
0.0609
0.1172
0.1486
0.9124
0.8526
0.7935
0.0873
0.0864
0.1502
0.9147
0.9168
0.9182
0.8732
0.8348
0.8660
0.9206
0.9310
0.9151
0.1407
0.1298
0.1397
0.9248
0.9165
0.0833
0.0680
0.0762
0.0606
0.0902
0.0869
0.7747
0.8356
0.7680
0.7570
0.7287
0.7440
0.1687
0.1208
0.1444
0.1279
0.0856
0.1213
0.2221
0.8844
0.1213
0.0857
0.1093
0.7402
0.8200
0.8087
0.7937
0.7866
0.7868
0.8496
0.7765
0.1016
0.0551
0.0410
0.0404
0.0492
0.0808
0.1417
0.1425
0.1468
0.1705
0.1456
0.2185
0.7556
0.7969
0.7812
0.6575
0.2169
0.1868
0.2118
0.5502
0.5382
0.2906
0.2945
0.3644
0.6581
0.5721
0.5610
0.6013
0.6504
0.7049
0.7484
0.6974
0.6568
0.6967
0.6505
0.6746
0.7247
0.8300
0.8698
0.8823
0.8831
0.8753
0.8559
0.8566
0.8294
0.7449
0.7683
0.2386
0.2434
0.1976
0.8514
0.1610
0.0884
0.0907
0.7199
0.7651
0.8524
0.9032
0.3384
0.1888
0.2348
0.7968
0.8120
0.8441
0.1672
0.1632
0.3538
