0.7979
0.7927
0.7576
0.7458
0.8088
0.8300
0.6857
0.6054
0.0942
0.0638
0.0519
0.0487
0.0502
0.0492
0.0602
0.1105
0.1316
0.2540
0.9100
0.8120
0.0706
0.0509
0.0623
0.0467
0.0555
0.0342
0.0265
0.0386
0.0973
0.9340
0.9425
0.9287
0.8727
0.7842
0.7543
0.0631
0.0437
0.0380
0.0296
0.0303
0.0534
0.8735
0.9293
0.9553
0.9657
0.9600
0.8923
0.0400
0.0232
0.0228
0.0366
0.0391
0.0853
0.9436
0.9397
0.8567
0.0484
0.0285
0.0284
0.0464
0.0446
0.0425
0.0475
0.0718
0.2108
0.9275
0.9063
0.8179
0.0815
0.0502
0.0484
0.0526
0.0792
0.1013
0.0555
0.0507
0.0638
0.0844
0.6893
0.1885
0.1515
0.1851
0.2528
0.1782
0.0712
0.0620
0.0894
0.7801
0.7494
0.1436
0.0848
0.1025
0.2536
0.8974
0.8668
0.0942
0.0684
0.0835
0.7968
0.8924
0.9219
0.1517
0.0623
0.0330
0.0277
0.0284
0.0260
0.0272
0.0344
0.0491
0.1238
0.9255
0.8830
0.2541
0.8106
0.1499
0.8483
0.8750
0.9296
0.9388
0.9303
0.8926
0.8389
0.1502
0.8377
0.2225
0.9318
0.9039
0.1269
0.0732
0.0559
0.0310
0.0229
0.0287
0.0212
0.0251
0.0463
0.0607
0.8144
0.8869
0.8997
0.1869
0.1845
0.0993
0.7038
0.0787
0.0699
0.0793
0.7404
0.0845
0.1058
0.8509
0.9255
0.9248
0.8228
0.0839
0.0806
0.8064
0.1126
0.0728
0.0702
0.0737
0.0714
0.0673
0.0904
0.7403
0.6939
0.0757
0.0612
0.0738
0.1419
0.8799
0.2681
0.2467
0.1459
0.1745
0.6847
0.7253
0.6358
0.1100
0.0817
0.0925
0.1331
0.8633
0.8422
0.1753
0.0590
0.0424
0.0657
0.8541
0.9345
0.9456
0.9269
0.0783
0.0420
0.0445
0.0745
0.7240
0.7065
0.7246
0.1464
0.1573
0.1071
0.1952
0.8906
0.9328
0.9433
0.9400
0.9047
