0.7670
0.3405
0.1296
0.1015
0.1172
0.1399
0.2165
0.8297
0.8008
0.8056
0.1954
0.1457
0.1741
0.2062
0.1273
0.1164
0.1350
0.6883
0.7678
0.6850
0.6663
0.7010
0.7813
0.7182
0.1585
0.1556
0.1041
0.1129
0.1219
0.0911
0.1225
0.6252
0.7825
0.8157
0.7582
0.7196
0.2321
0.1409
0.0964
0.0921
0.1287
0.7137
0.8586
0.8805
0.2187
0.0797
0.0558
0.0588
0.0901
0.7208
0.8169
0.9068
0.9100
0.1400
0.0619
0.0536
0.0747
0.1145
0.8421
0.1165
0.0800
0.0858
0.1449
0.1823
0.7198
0.8413
0.8379
0.2491
0.1320
0.1064
0.1073
0.1276
0.5812
0.6128
0.6698
0.2282
0.3038
0.2787
0.7014
0.1512
0.2275
0.2901
0.7860
0.8321
0.8172
0.7242
0.7507
0.8493
0.8711
0.2099
0.1123
0.0897
0.6610
0.1057
0.1036
0.1143
0.6703
0.7088
0.8213
0.8873
0.8957
0.8778
0.1537
0.0949
0.0743
0.0690
0.0973
0.7392
0.7932
0.8466
0.8876
0.8897
0.9070
0.9042
0.8691
0.0836
0.0673
0.1209
0.1773
0.2004
0.9122
0.8914
0.0898
0.0464
0.0376
0.0409
0.0521
0.0772
0.1494
0.2018
0.2795
0.2552
0.8239
0.6724
0.6682
0.7239
0.8379
0.8602
0.8116
0.7868
0.2411
0.2106
0.1956
0.1039
0.0665
0.0656
0.0829
0.1358
0.1211
0.1469
0.1787
0.6712
0.5597
0.1225
0.1011
0.1249
0.1834
0.1623
0.7325
0.7575
0.7929
0.8162
0.7446
0.7141
0.2607
0.2769
0.8817
0.8934
0.3048
0.1136
0.1105
0.7495
0.8203
0.7344
0.6705
0.0963
0.1064
0.2123
0.8777
0.8699
0.2675
0.3093
0.8383
0.6833
0.1249
0.1100
0.0976
0.1144
0.1687
0.7149
0.6430
0.1824
0.1940
0.0924
0.0638
0.0625
0.0830
0.7036
0.7466
0.8465
0.1155
0.0673
0.0726
0.1793
0.9186
0.9190
0.8682
0.8078
0.8281
0.8452
0.8955
0.8132
0.0570
0.0366
0.0297
0.0286
0.0292
0.0314
0.0361
0.0445
0.0638
0.0940
0.6639
0.7552
0.7221
0.7706
0.8660
0.8647
0.8121
0.8504
0.8563
