0.3863
0.2112
0.1972
0.2687
0.2651
0.5706
0.2350
0.2222
0.2720
0.5841
0.6618
0.6505
0.7117
0.7646
0.7309
0.5718
0.1918
0.1481
0.1419
0.1740
0.2151
0.1722
0.2220
0.8158
0.8275
0.1740
0.1089
0.1174
0.6688
0.1489
0.1470
0.2197
0.1760
0.7264
0.0849
0.0589
0.0556
0.0630
0.0721
0.6343
0.0829
0.0973
0.7925
0.8938
0.3726
0.4082
0.9211
0.0667
0.0284
0.0223
0.0233
0.0270
0.0575
0.9092
0.9635
0.9712
0.9596
0.0666
0.0243
0.0186
0.0206
0.0275
0.0445
0.8033
0.1733
0.3681
0.9160
0.8822
0.8645
0.1385
0.1044
0.6399
0.1905
0.8105
0.7622
0.7372
0.7878
0.6995
0.7173
0.0889
0.0612
0.0439
0.0458
0.0472
0.0418
0.0321
0.0288
0.0517
0.9068
0.9523
0.9424
0.9435
0.0494
0.0223
0.0176
0.0228
0.0472
0.0625
0.0529
0.0984
0.1705
0.8967
0.8480
0.8922
0.8984
0.8807
0.0888
0.0696
0.1385
0.8754
0.9203
0.9090
0.9308
0.0844
0.0321
0.0224
0.0217
0.0262
0.0386
0.0545
0.8277
0.0720
0.0752
0.0878
0.1477
0.8376
0.0610
0.0424
0.0375
0.0402
0.0469
0.0586
0.0589
0.0629
0.0709
0.0853
0.0772
0.0689
0.0792
0.1422
0.1610
0.1730
0.8694
0.0924
0.0810
0.1331
0.8914
0.8377
0.0916
0.0526
0.0294
0.0231
0.0220
0.0196
0.0229
0.0449
0.8868
0.9401
0.9615
0.9619
0.9514
0.8855
0.7708
0.0372
0.0297
0.0383
0.0544
0.0370
0.0438
0.0935
0.0934
0.0422
0.0390
0.0589
0.7500
0.8176
0.7547
0.1568
0.1973
0.1201
0.0832
0.0880
0.1322
0.6992
0.7343
0.2241
0.1805
0.1899
0.5405
0.1821
0.1812
0.1743
0.2058
0.2507
0.6348
0.5841
0.6164
0.5515
0.5618
0.6497
0.2274
0.1380
0.1353
0.6250
0.6514
0.7311
0.6234
0.1575
0.1679
0.2809
0.7383
0.7976
0.1316
0.0711
0.0451
0.0440
0.0632
0.8829
0.0813
0.0723
0.1033
0.9233
0.9158
0.9453
0.9334
0.9363
0.0576
0.0252
0.0174
0.0163
0.0185
0.0301
0.0857
0.3124
