0.8564
0.8751
0.2872
0.1685
0.2903
0.3276
0.7581
0.1099
0.0972
0.6202
0.1550
0.7134
0.7851
0.8297
0.7078
0.1707
0.6879
0.1484
0.1510
0.6962
0.1170
0.0908
0.0806
0.1143
0.6841
0.8372
0.8619
0.8189
0.1829
0.1583
0.0718
0.0482
0.0310
0.0246
0.0242
0.0316
0.0676
0.1776
0.2287
0.1433
0.0509
0.0451
0.7064
0.0482
0.0452
0.0747
0.8872
0.9362
0.9558
0.9045
0.0533
0.0292
0.0224
0.0218
0.0242
0.0321
0.0397
0.0429
0.0498
0.0961
0.8928
0.8886
0.1356
0.0989
0.0968
0.6566
0.1645
0.1175
0.1187
0.1584
0.6092
0.7114
0.8446
0.8695
0.8455
0.7281
0.5882
0.1848
0.1629
0.1781
0.2345
0.5964
0.1554
0.1434
0.2030
0.3640
0.8690
0.8489
0.6860
0.1266
0.0952
0.0868
0.1196
0.7292
0.8568
0.8652
0.7600
0.0999
0.0565
0.0543
0.0814
0.0661
0.0818
0.1170
0.8231
0.8468
0.9062
0.1552
0.1109
0.0448
0.0351
0.0351
0.0583
0.1602
0.8736
0.8542
0.7295
0.0910
0.0943
0.1210
0.0957
0.1289
0.0933
0.1196
0.1577
0.0941
0.0692
0.0879
0.6962
0.7827
0.7501
0.1885
0.0979
0.1044
0.7238
0.8354
0.8507
0.1075
0.0751
0.0866
0.7867
0.8815
0.9123
0.1367
0.0696
0.0465
0.0384
0.0469
0.0281
0.0251
0.0308
0.0433
0.1022
0.9437
0.0603
0.0378
0.0520
0.8455
0.8943
0.9202
0.9507
0.9543
0.9459
0.9020
0.7932
0.0497
0.0477
0.1025
0.9403
0.9223
0.1195
0.0685
0.0508
0.0262
0.0184
0.0213
0.0288
0.0637
0.0839
0.0701
0.8037
0.8687
0.8776
0.1617
0.1841
0.1445
0.8050
0.1693
0.0887
0.0782
0.7191
0.0731
0.0914
0.8372
0.9234
0.9364
0.9167
0.1343
0.0990
0.8057
0.1445
0.0839
0.0674
0.0559
0.0631
0.0937
0.7259
0.7342
0.7978
0.1708
0.1633
0.2763
0.8676
0.2720
0.2310
0.1408
0.1684
0.7022
0.7561
0.1615
0.0992
0.1067
0.7048
0.7547
0.8375
0.7859
0.6895
0.6545
0.1018
0.0867
0.1136
0.2426
0.2689
0.1444
0.1275
0.6084
0.1288
0.0953
0.0899
0.1802
0.8024
0.8422
