0.4051
0.2507
0.2822
0.5047
0.8687
0.8535
0.7242
0.6318
0.3402
0.4039
0.4426
0.8099
0.8331
0.8168
0.7604
0.7207
0.7124
0.7296
0.7588
0.7071
0.7559
0.8295
0.2123
0.1491
0.1161
0.0563
0.0442
0.0384
0.0470
0.0596
0.0638
0.0317
0.0272
0.0379
0.0349
0.0524
0.0657
0.1933
0.9399
0.9276
0.8827
0.0923
0.0575
0.0713
0.1046
0.0955
0.8579
0.9015
0.0759
0.0444
0.0305
0.0325
0.0440
0.1298
0.9415
0.9265
0.9034
0.9218
0.8963
0.9079
0.9358
0.1402
0.0488
0.0430
0.0322
0.0535
0.0666
0.8872
0.9015
0.0496
0.0459
0.0568
0.0538
0.0997
0.8890
0.0653
0.0428
0.0525
0.0920
0.1337
0.9577
0.9588
0.9212
0.0508
0.0443
0.0510
0.0389
0.0569
0.0460
0.0380
0.0305
0.0239
0.0242
0.0226
0.0246
0.0325
0.0454
0.0965
0.1253
0.8156
0.7881
0.8767
0.2078
0.0968
0.0905
0.1267
0.2870
0.8845
0.1999
0.0990
0.0827
0.1039
0.0833
0.1037
0.2202
0.2990
0.8167
0.7387
0.7738
0.8007
0.1258
0.0805
0.0540
0.0551
0.0581
0.0668
0.1136
0.2884
0.8692
0.4598
0.4160
0.2513
0.5833
0.5683
0.1486
0.1619
0.1256
0.1418
0.1828
0.7410
0.7321
0.7271
0.1442
0.1489
0.1958
0.2018
0.8463
0.8290
0.8791
0.8869
0.8741
0.8861
0.9119
0.9153
0.8947
0.7859
0.6886
0.0776
0.0666
0.0660
0.0993
0.7627
0.8122
0.8704
0.3458
0.2191
0.0867
0.0771
0.0975
0.6815
0.8309
0.4299
0.3767
0.3409
0.6092
0.5656
0.1487
0.1147
0.1169
0.1304
0.1620
0.3211
0.8699
0.8293
0.8638
0.8532
0.7934
0.8364
0.2089
0.2592
0.2753
0.2815
0.2752
0.2563
0.2155
0.8614
0.7536
0.7385
0.7823
0.8708
0.8884
0.8632
0.8998
0.8892
0.0902
0.0647
0.0594
0.0622
0.0646
0.0681
0.0862
0.6984
0.8049
0.8163
0.8699
0.8557
0.7507
0.1916
0.2050
0.3455
0.4525
0.8526
0.4347
0.5163
0.8576
0.8515
0.8226
0.8051
0.8149
0.8436
0.8413
0.8862
0.9014
0.8980
0.8748
0.8139
0.4074
0.2334
0.1895
0.2209
0.1678
0.1807
0.3013
0.3910
0.8521
0.8598
0.8856
0.8848
0.8626
0.7980
0.8354
0.8126
0.8022
0.1398
0.0918
0.0629
0.0605
0.0700
0.0819
0.1165
0.2125
0.6484
0.7053
0.7654
0.8082
0.7957
0.7279
0.6795
0.6573
0.3859
0.3679
0.3856
0.7328
0.7476
0.8134
0.8258
0.8138
0.7751
0.4928
0.4528
0.4450
0.6960
0.3699
0.3476
0.3994
0.4051
0.6908
0.6312
0.3451
0.3280
0.3907
0.4121
0.6895
0.7660
0.4982
0.4665
0.4145
0.3030
0.3099
0.7460
0.7557
0.2326
0.1924
0.2784
0.3026
0.2295
0.7850
0.6893
0.0992
0.0770
0.0748
0.1034
0.0952
0.0943
0.1263
0.8812
0.0988
0.0546
0.0463
0.0750
0.0823
0.0662
0.1333
0.8820
0.8796
0.9128
0.9322
0.8879
0.0791
0.0505
0.0405
0.0406
0.0493
0.1054
0.1749
0.9039
0.9256
0.2274
0.1240
0.0465
0.0417
0.0482
0.0951
0.1101
0.8540
0.1103
0.0954
0.0881
0.0973
0.1474
0.7727
0.3004
0.3386
0.2077
0.1363
0.1306
0.6372
0.1228
0.0998
0.1111
0.7403
0.1481
0.1179
0.1466
0.1218
0.1315
0.2994
0.9037
0.8928
0.8608
0.8899
0.8965
0.8853
0.8844
0.0955
0.0425
0.0365
0.0503
0.0823
0.1954
0.8338
0.7606
0.0998
0.0761
0.0793
0.1031
0.0928
0.0679
0.0588
0.0674
0.1175
0.8515
0.8719
0.8824
0.8249
0.7491
0.6703
0.6479
0.0841
0.0604
0.0614
0.0954
0.1707
0.1956
0.8072
0.7258
0.7625
0.6467
0.6392
0.1321
0.1195
0.1620
0.1276
0.0909
0.0623
0.0460
0.0516
0.0687
0.7741
0.8597
0.1678
0.2187
0.2368
0.2460
0.8883
0.1050
0.1287
0.8642
0.8986
0.3035
0.1765
0.0520
0.0386
0.0586
0.8037
0.8448
0.8948
0.9186
0.9268
0.0995
0.0523
0.0403
0.0625
0.1180
0.8318
0.7864
0.7330
0.7263
0.7660
0.2049
0.1353
0.7652
0.1118
0.1078
0.0913
0.0909
0.7502
0.7862
0.1105
0.1163
0.0715
0.0765
0.0527
0.0672
0.0621
0.0798
0.1981
0.8952
0.8765
0.2216
0.1580
0.2486
0.8072
0.7310
0.6713
0.6579
0.1364
0.1676
0.3363
0.8788
0.8409
0.8505
0.2254
0.2273
0.1652
0.7757
0.7582
0.1008
0.0723
0.0553
0.0609
0.0943
0.0776
0.1011
0.7638
0.8142
0.8582
0.8730
0.7580
0.6997
0.0486
0.0338
0.0370
0.0760
0.9401
0.1026
0.1188
0.0852
0.0457
0.0435
0.1247
0.9337
0.9446
0.9412
0.9079
0.0545
0.0263
0.0199
0.0240
0.0313
0.0441
0.8610
0.0869
0.0500
0.0521
0.0999
0.9026
0.8763
0.0624
0.0388
0.0349
0.0335
0.0411
0.0668
0.0462
0.0438
0.0561
0.0731
0.7319
0.7275
0.1136
0.1129
0.1781
0.2187
0.2923
0.8231
0.7905
0.8499
0.8634
0.8558
0.8221
0.8153
0.1534
0.1037
0.1341
0.1031
0.0742
0.0526
0.0456
0.0747
0.8923
0.9253
0.8750
0.0934
0.0891
0.1625
0.2196
0.2004
0.1113
0.0771
0.0941
0.6165
0.6614
0.7245
0.7686
0.7219
0.6662
0.1943
0.1593
0.1937
0.2735
0.3833
0.7266
0.4089
0.3012
0.2283
0.2619
0.6036
0.6418
0.3471
0.2613
0.2104
0.2216
0.2912
0.2835
0.3502
0.6488
0.6686
0.6232
0.6503
0.6118
0.6500
0.3681
0.4351
0.4316
0.6486
0.1878
0.1462
0.1231
0.1035
0.1107
0.1373
0.7798
0.8298
0.7784
0.1876
0.2213
0.1936
0.2902
0.3071
0.2547
0.7078
0.7816
0.8269
0.4452
0.3712
0.2805
0.1752
0.1396
0.1637
0.8531
0.8150
0.7664
0.6999
0.7063
0.7630
0.8489
0.8425
0.7352
0.1922
0.2561
0.2643
0.2318
0.2566
0.3543
0.7736
0.7554
0.7051
0.6685
0.2841
0.2441
0.2452
0.5652
0.6154
0.6843
0.6375
0.2854
0.1955
0.1971
0.3148
0.7839
0.8596
0.8863
0.9009
0.9041
0.8630
