0.8104
0.8116
0.4671
0.6337
0.3742
0.3803
0.2922
0.5246
0.2315
0.2159
0.2368
0.3342
0.6950
0.7040
0.3324
0.2628
0.5217
0.2827
0.2762
0.5774
0.2018
0.1314
0.1027
0.1016
0.1352
0.2771
0.8324
0.2882
0.2418
0.8056
0.7730
0.7135
0.6424
0.6043
0.0782
0.0591
0.0753
0.2068
0.9300
0.9437
0.9239
0.0756
0.0347
0.0297
0.0356
0.0536
0.0972
0.8298
0.8782
0.9022
0.8095
0.0691
0.0441
0.0390
0.0392
0.0457
0.0427
0.0328
0.0304
0.0393
0.0865
0.2445
0.9493
0.0752
0.0384
0.0239
0.0197
0.0189
0.0209
0.0279
0.0447
0.8564
0.2158
0.9542
0.9553
0.9439
0.8722
0.0529
0.0283
0.0261
0.0371
0.0211
0.0208
0.0407
0.8844
0.9446
0.9586
0.9728
0.9629
0.0648
0.0232
0.0169
0.0174
0.0178
0.0268
0.0778
0.9600
0.9502
0.8689
0.0368
0.0214
0.0169
0.0168
0.0192
0.0223
0.0354
0.1037
0.2097
0.9570
0.9010
0.0591
0.0297
0.0222
0.0211
0.0230
0.0302
0.0553
0.0619
0.1041
0.9166
0.1401
0.1642
0.8135
0.0763
0.0523
0.0381
0.0407
0.0654
0.1689
0.8957
0.1835
0.1852
0.6605
0.0978
0.1105
0.6369
0.7369
0.1396
0.1121
0.1235
0.7589
0.8736
0.9099
0.2287
0.0939
0.0457
0.0345
0.0309
0.0305
0.0341
0.0464
0.0669
0.1384
0.9236
0.0880
0.0566
0.0700
0.7667
0.8251
0.8742
0.9287
0.9384
0.9298
0.8751
0.7486
0.0512
0.0478
0.0820
0.8794
0.8766
0.2029
0.1485
0.1202
0.0514
0.0262
0.0218
0.0243
0.0337
0.0653
0.0853
0.7960
0.8668
0.8703
0.2209
0.2229
0.1850
0.7361
0.8265
0.8335
0.7243
0.6092
0.1358
0.1464
0.7089
0.8357
0.8390
0.6837
0.1592
0.1820
0.7400
0.1728
0.1486
0.1590
0.1639
0.5471
0.1861
0.1945
0.1893
0.5371
0.2745
0.6253
0.5439
0.5288
0.5477
0.6124
0.6975
0.2240
0.1794
0.6832
0.1777
0.0789
0.0536
0.0586
0.1002
0.8077
0.8752
0.2101
0.7422
0.6947
0.6881
0.6910
0.1901
0.8334
0.9155
0.9342
0.2381
0.0583
0.0341
0.0349
0.0560
0.5993
0.0779
0.1812
0.8168
