0.8145
0.8087
0.2596
0.1198
0.1138
0.1620
0.3508
0.8744
0.8861
0.8538
0.7708
0.7792
0.8051
0.2288
0.1127
0.0854
0.0850
0.1138
0.6517
0.7441
0.8017
0.8230
0.6840
0.1159
0.1007
0.1066
0.1617
0.2263
0.1711
0.1367
0.1089
0.1054
0.1229
0.1419
0.2074
0.1923
0.7212
0.7949
0.7322
0.7366
0.8044
0.1742
0.1328
0.1181
0.1505
0.1017
0.0928
0.1023
0.1239
0.1579
0.1751
0.2033
0.5722
0.2139
0.2120
0.6432
0.7888
0.7899
0.6334
0.1989
0.2582
0.7947
0.8463
0.4192
0.2269
0.2054
0.5120
0.5768
0.6530
0.7863
0.8177
0.7812
0.6211
0.2586
0.2201
0.1841
0.1716
0.1650
0.1608
0.1622
0.1726
0.2026
0.5430
0.5724
0.6178
0.7533
0.4187
0.2904
0.3156
0.7584
0.6411
0.6026
0.1052
0.0764
0.0610
0.0617
0.0859
0.1751
0.1619
0.0633
0.0492
0.0732
0.7673
0.8291
0.8977
0.3062
0.1549
0.0713
0.0800
0.1620
0.9036
0.9020
0.8705
0.7697
0.1020
0.1463
0.1421
0.0808
0.0470
0.0312
0.0303
0.0371
0.0587
0.7463
0.7704
0.1274
0.8386
0.1426
0.0811
0.0887
0.9052
0.0654
0.0479
0.0765
0.1400
0.9464
0.9516
0.9224
0.9258
0.8370
0.0479
0.0388
0.0432
0.0891
0.9229
0.8619
0.0669
0.0525
0.0613
0.7933
0.0498
0.0357
0.0308
0.0388
0.0589
0.1291
0.9514
0.9542
0.9258
0.8688
0.0504
0.0380
0.0536
0.0541
0.0993
0.8719
0.9253
0.9166
0.0947
0.0424
0.0342
0.0399
0.0654
0.7867
0.8860
0.9052
0.2949
0.1550
0.1128
0.1269
0.8708
0.1530
0.0817
0.0775
0.7115
0.7560
0.8278
0.7399
0.1075
0.1088
0.2017
0.8224
0.8519
0.0851
0.0551
0.0671
0.0603
0.1180
0.9283
0.9085
0.8868
0.1768
0.1005
0.0609
0.0486
0.0626
0.8019
0.1239
0.0719
0.0607
0.0799
0.1218
0.7769
0.8384
0.8077
0.2616
0.7981
0.1363
0.1020
0.1081
0.1129
0.1132
0.1483
0.6462
0.6328
0.2941
0.3770
0.3855
0.7172
0.6641
0.2901
0.2502
0.2968
0.5773
0.6161
0.5830
0.3553
0.2346
0.1936
0.1938
0.1795
0.1789
0.1947
0.2012
0.2407
0.3410
0.2766
0.1880
0.1591
0.1789
0.5383
0.6421
0.7683
0.8216
0.8248
