0.8404
0.8508
0.8052
0.8135
0.7639
0.7948
0.8747
0.8562
0.1939
0.1047
0.0924
0.1012
0.0949
0.0954
0.1084
0.6779
0.0975
0.0703
0.0642
0.0741
0.1014
0.7410
0.8192
0.8713
0.9010
0.8920
0.8456
0.8618
0.1439
0.1274
0.0739
0.0644
0.1121
0.8656
0.8680
0.1465
0.1076
0.1082
0.6419
0.1791
0.1171
0.1144
0.1703
0.6273
0.8039
0.8372
0.7884
0.5965
0.2079
0.1707
0.1728
0.2054
0.6092
0.2713
0.1870
0.1446
0.1289
0.1292
0.1513
0.2290
0.3445
0.6695
0.6440
0.6108
0.2900
0.7131
0.2505
0.5725
0.5513
0.1533
0.1695
0.7106
0.8499
0.3807
0.1399
0.1052
0.6011
0.1204
0.1533
0.7412
0.8181
0.8034
0.8489
0.8896
0.3854
0.2282
0.8472
0.0956
0.0711
0.1001
0.7313
0.8076
0.1839
0.2351
0.8964
0.8984
0.1355
0.0686
0.0550
0.0459
0.0484
0.0633
0.1077
0.7273
0.7984
0.8154
0.6653
0.6241
0.1281
0.0883
0.0776
0.0737
0.0973
0.7295
0.8653
0.3161
0.2550
0.1122
0.7322
0.0722
0.0455
0.0372
0.0416
0.0752
0.8633
0.9366
0.9506
0.9344
0.0702
0.0291
0.0260
0.0435
0.1228
0.9091
0.1714
0.1900
0.3057
0.9112
0.8839
0.8741
0.0789
0.0444
0.0433
0.0696
0.1796
0.8553
0.8697
0.2041
0.1270
0.1494
0.7648
0.0926
0.1101
0.1145
0.0473
0.0331
0.0331
0.0438
0.0861
0.8903
0.8637
0.9088
0.1864
0.0942
0.7196
0.0574
0.0501
0.0578
0.7948
0.0602
0.0390
0.0349
0.0492
0.8415
0.0802
0.1642
0.2063
0.2085
0.8936
0.8892
0.9139
0.9208
0.1190
0.0756
0.0501
0.0427
0.7591
0.0363
0.0368
0.0618
0.1112
0.8006
0.0810
0.1020
0.8566
0.1810
0.7491
0.1444
0.2524
0.7975
0.7996
0.7791
0.7505
0.0646
0.0393
0.0308
0.0304
0.0364
0.0584
0.0871
0.0521
0.0513
0.0551
0.0857
0.0686
0.0756
0.1313
0.8979
0.8444
0.1022
0.0566
0.0314
0.0249
0.0241
0.0218
0.0256
0.0465
0.8637
0.9254
0.9501
0.9449
0.9037
0.8325
0.8044
0.7470
0.0476
0.0396
0.0499
0.0681
0.0444
0.0501
0.1020
0.1008
0.0465
0.0435
0.0654
0.7490
0.8151
0.1808
0.1718
0.2407
0.6850
0.1083
0.0812
0.1038
0.3354
0.8314
