0.3755
0.1655
0.1204
0.1693
0.2092
0.8447
0.9053
0.8811
0.1607
0.0842
0.0720
0.0758
0.0685
0.0682
0.0817
0.7001
0.0762
0.0549
0.0516
0.0626
0.0911
0.7756
0.8446
0.8879
0.9122
0.9040
0.8623
0.8734
0.1329
0.1141
0.0690
0.0623
0.1117
0.8912
0.8890
0.1294
0.0890
0.0862
0.7025
0.1348
0.0809
0.0758
0.1150
0.6860
0.8578
0.8851
0.8470
0.6537
0.1190
0.0897
0.0935
0.1302
0.7237
0.7340
0.6675
0.1003
0.0811
0.0946
0.1606
0.2623
0.1697
0.1454
0.1347
0.1753
0.7668
0.6605
0.1496
0.1339
0.5928
0.6401
0.7353
0.8559
0.8605
0.1858
0.1250
0.5953
0.5969
0.1072
0.0942
0.1276
0.1418
0.2695
0.8535
0.8492
0.7538
0.7609
0.1453
0.0935
0.0892
0.0965
0.1495
0.1785
0.8428
0.8912
0.8863
0.1197
0.0686
0.0666
0.0670
0.7121
0.0608
0.0485
0.0523
0.0819
0.1064
0.0477
0.0339
0.0318
0.0358
0.0347
0.0373
0.0390
0.0621
0.8340
0.8930
0.8725
0.2026
0.1781
0.0803
0.8092
0.0505
0.0290
0.0215
0.0235
0.0523
0.9273
0.9706
0.9750
0.9613
0.0532
0.0188
0.0145
0.0193
0.0404
0.9203
0.1210
0.1449
0.2506
0.9267
0.8997
0.8893
0.0703
0.0480
0.0655
0.0700
0.1419
0.1969
0.8656
0.7387
0.7582
0.1617
0.0805
0.0675
0.1017
0.1050
0.8468
0.8599
0.8759
0.8966
0.1449
0.1661
0.1728
0.9322
0.9144
0.8883
0.8716
0.0538
0.0360
0.0241
0.0211
0.0215
0.0196
0.0209
0.0264
0.0317
0.0482
0.1409
0.2785
0.9411
0.8740
0.8736
0.9230
0.1399
0.0747
0.0482
0.0533
0.7299
0.0537
0.0503
0.0678
0.0915
0.0551
0.0564
0.0913
0.8971
0.1442
0.0741
0.0576
0.0602
0.0725
0.0943
0.0966
0.0977
0.1024
0.1090
0.1205
0.1418
0.1547
0.2009
0.3450
0.7713
0.7603
0.6829
0.6094
0.6279
0.5309
0.1410
0.1215
0.1464
0.6525
0.6606
0.1365
0.0888
0.0538
0.0422
0.0392
0.0334
0.0356
0.0570
0.8340
0.9116
0.9439
0.9353
0.8577
0.7889
0.7423
0.0571
0.0495
0.0648
0.0911
0.0630
0.0740
0.1519
0.1547
0.0755
0.0695
0.0969
0.5941
0.6894
0.6430
0.6494
0.7130
0.6166
0.5884
0.6291
0.7655
0.8921
0.8922
