0.2963
0.1221
0.0815
0.0918
0.1331
0.0792
0.0549
0.0550
0.0874
0.7927
0.8750
0.9136
0.9091
0.8738
0.7629
0.7269
0.7887
0.7300
0.6860
0.7339
0.8336
0.8535
0.8763
0.8461
0.8287
0.7918
0.0843
0.0558
0.0500
0.0449
0.0466
0.0456
0.0533
0.0789
0.1685
0.7731
0.8160
0.7437
0.6713
0.6435
0.7095
0.6837
0.6635
0.6422
0.6107
0.5678
0.5673
0.5419
0.5409
0.2003
0.1790
0.1507
0.1474
0.5510
0.1634
0.1675
0.7117
0.1778
0.1690
0.2978
0.8759
0.8681
0.1914
0.6285
0.0661
0.0542
0.0736
0.1307
0.2669
0.4038
0.9036
0.8785
0.8695
0.7853
0.6697
0.6420
0.6362
0.6405
0.1005
0.0888
0.1189
0.7477
0.7294
0.7449
0.0920
0.0983
0.0777
0.1287
0.9358
0.0916
0.0702
0.0290
0.0283
0.0458
0.8820
0.9365
0.9661
0.9553
0.0519
0.0216
0.0193
0.0323
0.0820
0.9499
0.9526
0.1462
0.0493
0.0466
0.0836
0.9056
0.9121
0.1719
0.0825
0.1069
0.8887
0.9008
0.1413
0.0865
0.0663
0.0955
0.0639
0.0640
0.6971
0.0637
0.0503
0.0446
0.0467
0.0539
0.0675
0.6269
0.0924
0.1097
0.2067
0.2932
0.8769
0.4046
0.1742
0.1244
0.5627
0.1154
0.1133
0.1116
0.6955
0.1590
0.0956
0.0901
0.1422
0.1107
0.7419
0.0539
0.0335
0.0304
0.0416
0.0741
0.1767
0.9360
0.9295
0.1358
0.0619
0.0456
0.0668
0.8880
0.0905
0.1123
0.9073
0.9556
0.9524
0.0654
0.0269
0.0219
0.0278
0.0573
0.0725
0.0550
0.0835
0.0806
0.0546
0.0789
0.7924
0.8252
0.8430
0.7181
0.6703
0.6697
0.6318
0.6179
0.6182
0.6353
0.6745
0.7051
0.7852
0.8870
0.9172
0.2749
0.0810
0.0357
0.0330
0.0493
0.0798
0.0514
0.0419
0.0733
0.9188
0.8949
0.9269
0.0657
0.0354
0.0222
0.0219
0.0269
0.0688
0.9363
0.9664
0.9680
0.9482
0.0438
0.0230
0.0285
0.0298
0.0660
0.0880
0.8673
0.8757
0.0823
0.0431
0.0363
0.0554
0.8629
0.9206
0.9608
0.9529
0.0642
0.0308
0.0288
0.0396
0.0250
0.0210
0.0225
0.0326
0.0494
0.0413
0.0606
0.1109
0.1293
0.1492
0.7989
0.0735
0.0683
0.0643
0.0795
0.1124
0.6665
0.2074
0.3275
0.2728
0.5626
0.1684
0.1503
0.1740
0.5304
0.5782
0.6559
0.7885
0.8299
