0.8273
0.8378
0.8006
0.8170
0.7652
0.7823
0.1588
0.1315
0.1433
0.1770
0.8085
0.2615
0.1397
0.0759
0.0665
0.0791
0.1014
0.7483
0.7752
0.8103
0.1358
0.1243
0.0680
0.0642
0.0961
0.0998
0.1221
0.2397
0.2783
0.2090
0.5741
0.2609
0.3119
0.3406
0.2075
0.1537
0.1384
0.1479
0.1947
0.6842
0.6303
0.2046
0.2091
0.7000
0.8023
0.8571
0.8470
0.7775
0.7928
0.7340
0.7755
0.6914
0.1732
0.2156
0.8037
0.8072
0.2030
0.1598
0.1694
0.5766
0.6628
0.2219
0.1780
0.5445
0.5953
0.7027
0.8164
0.3514
0.2503
0.1197
0.1094
0.1152
0.1382
0.7383
0.7359
0.6986
0.6855
0.1520
0.2019
0.1851
0.1198
0.1488
0.2449
0.7097
0.7739
0.7093
0.7498
0.2135
0.1742
0.5304
0.1611
0.1356
0.1349
0.1711
0.2729
0.6595
0.6194
0.6066
0.5984
0.1314
0.0936
0.0930
0.1346
0.2922
0.8292
0.8207
0.6487
0.1767
0.1297
0.1291
0.1716
0.2313
0.1857
0.1637
0.2581
0.8486
0.8556
0.2874
0.2116
0.7718
0.8087
0.7201
0.0901
0.0730
0.0745
0.0846
0.1046
0.1387
0.1236
0.8841
0.1014
0.0852
0.0532
0.0720
0.8046
0.9041
0.2508
0.1724
0.0708
0.6977
0.0433
0.0379
0.0527
0.0551
0.1349
0.9200
0.9522
0.9586
0.9483
0.0862
0.0365
0.0246
0.0258
0.0467
0.8967
0.1190
0.1514
0.2642
0.9125
0.8807
0.8700
0.0878
0.0582
0.0711
0.1199
0.8497
0.8350
0.8516
0.7865
0.8488
0.1417
0.0556
0.0273
0.0235
0.0237
0.0394
0.0416
0.0882
0.0910
0.0485
0.0513
0.8948
0.9296
0.9587
0.9301
0.0477
0.0272
0.0265
0.0300
0.0314
0.0300
0.0296
0.0451
0.0467
0.0861
0.1379
0.8913
0.9068
0.9046
0.8787
0.7859
0.7707
0.7732
0.8383
0.8310
0.8767
0.8598
0.7333
0.6510
0.0977
0.1268
0.1978
0.2308
0.2266
0.2085
0.1696
0.8194
0.7481
0.1471
0.1578
0.1102
0.1298
0.2303
0.1949
0.1420
0.1378
0.1569
0.2022
0.5527
0.5490
0.5882
0.6762
0.6812
0.6751
0.6591
0.2243
0.1912
0.2397
0.3174
0.2560
0.2482
0.1383
0.0851
0.0764
0.1066
0.1830
0.1690
0.1016
0.7577
0.8509
0.9073
0.8935
0.7764
0.6895
0.6505
0.0962
0.1127
0.1481
0.1881
0.1210
0.1255
0.2032
0.1891
0.5791
0.5976
0.7278
0.8798
0.9206
0.8854
