0.4191
0.2106
0.1487
0.1259
0.1032
0.1053
0.1117
0.1733
0.8226
0.8029
0.7682
0.8067
0.7623
0.7200
0.6964
0.7610
0.7188
0.7797
0.8343
0.8529
0.1004
0.0542
0.0441
0.0494
0.0695
0.1257
0.1317
0.1648
0.2082
0.2649
0.2924
0.1776
0.1586
0.2041
0.7364
0.7273
0.7856
0.2553
0.1915
0.6029
0.1033
0.0706
0.0647
0.0867
0.2068
0.8934
0.9120
0.9057
0.9183
0.9203
0.2350
0.0632
0.0368
0.0365
0.0514
0.0996
0.1356
0.7515
0.8679
0.3672
0.1319
0.0796
0.0658
0.0506
0.0429
0.0414
0.0492
0.0822
0.0781
0.0701
0.1021
0.0816
0.0940
0.8192
0.8555
0.9150
0.9269
0.9214
0.8831
0.1120
0.0978
0.0652
0.0625
0.1145
0.1015
0.7424
0.0593
0.0491
0.0552
0.0905
0.7456
0.8185
0.8607
0.8072
0.7540
0.2070
0.1108
0.0984
0.1225
0.5822
0.1265
0.1136
0.1369
0.7634
0.3603
0.3120
0.8494
0.7910
0.8253
0.6938
0.0894
0.0707
0.0651
0.0893
0.1817
0.8023
0.7993
0.8524
0.8374
0.7296
0.1318
0.0912
0.0866
0.0801
0.0709
0.0843
0.1577
0.8380
0.8121
0.8532
0.8230
0.6813
0.1393
0.1717
0.1466
0.7134
0.6896
0.1314
0.1319
0.7116
0.8157
0.1382
0.0909
0.0713
0.0915
0.7435
0.8053
0.8357
0.8855
0.1060
0.0540
0.0504
0.0771
0.7107
0.7874
0.1559
0.1844
0.8349
0.8888
0.8901
0.8172
0.1136
0.0976
0.1291
0.8109
0.8668
0.9133
0.9167
0.8853
0.0955
0.0604
0.0739
0.1614
0.2111
0.1585
0.1422
0.6896
0.6629
0.7687
0.1630
0.1246
0.0985
0.0851
0.7064
0.0944
0.1230
0.0893
0.0631
0.0503
0.0685
0.0837
0.0395
0.0374
0.0615
0.8329
0.8418
0.8820
0.9317
0.9335
0.8849
0.8594
0.7853
0.0456
0.0310
0.0314
0.0499
0.0855
0.0855
0.1527
0.8267
0.8056
0.8752
0.8636
0.1181
0.0847
0.0789
0.6875
0.1334
0.2526
0.2656
0.1445
0.0840
0.0770
0.0940
0.1446
0.2388
0.2611
0.7297
0.7868
0.7796
0.6652
0.5530
0.1668
0.1546
0.5610
0.6067
0.7242
0.7083
0.6708
0.7246
0.2451
0.2550
0.7298
0.6218
0.1125
0.0757
0.0667
0.6417
0.0577
0.0452
0.0528
0.8258
0.1081
0.2361
0.3629
0.9491
0.9473
0.9031
0.8677
0.0714
0.0478
0.0280
0.0223
0.0202
0.0193
0.0196
0.0237
0.0512
0.8019
0.9164
0.9062
