0.8724
0.9155
0.9010
0.7993
0.7294
0.7766
0.7992
0.1645
0.0960
0.0793
0.0763
0.0784
0.0865
0.1055
0.1515
0.1146
0.1213
0.7217
0.7897
0.1421
0.0789
0.0595
0.0439
0.0401
0.0486
0.0951
0.8726
0.8790
0.8836
0.9000
0.9188
0.1538
0.0602
0.0324
0.0278
0.0313
0.0508
0.1420
0.8803
0.9065
0.9040
0.8802
0.7992
0.8031
0.0862
0.0591
0.0595
0.0683
0.1021
0.2097
0.7879
0.6468
0.5870
0.5709
0.1163
0.0845
0.0767
0.0884
0.1106
0.1969
0.2290
0.1878
0.2985
0.9021
0.8159
0.0794
0.0422
0.0306
0.0274
0.0285
0.0348
0.0563
0.8286
0.2527
0.9386
0.9362
0.9176
0.8025
0.0523
0.0352
0.0377
0.0412
0.0575
0.0367
0.0530
0.8726
0.9196
0.9417
0.9640
0.9546
0.0659
0.0278
0.0242
0.0266
0.0456
0.0432
0.0834
0.9213
0.8523
0.8053
0.0533
0.0338
0.0271
0.0274
0.0330
0.0410
0.0744
0.2355
0.9239
0.8994
0.7972
0.0950
0.0645
0.0702
0.0809
0.0856
0.6632
0.0897
0.0816
0.1018
0.1891
0.7454
0.6210
0.5791
0.5839
0.1664
0.1336
0.1047
0.1065
0.6199
0.1969
0.2815
0.7286
0.7587
0.1501
0.1571
0.7630
0.6960
0.7651
0.1378
0.1295
0.6776
0.7534
0.8820
0.9169
0.1715
0.0672
0.0325
0.0240
0.0212
0.0206
0.0230
0.0317
0.0484
0.1163
0.9462
0.0660
0.0391
0.0456
0.8058
0.1615
0.9264
0.9560
0.9592
0.9477
0.1462
0.7915
0.0371
0.0351
0.0637
0.9212
0.9178
0.1605
0.1072
0.0831
0.0349
0.0188
0.0165
0.0190
0.0272
0.0537
0.0718
0.8104
0.8887
0.3146
0.1950
0.8348
0.1280
0.1416
0.7953
0.7277
0.2031
0.2080
0.6678
0.0993
0.1244
0.2627
0.3100
0.6639
0.5865
0.1317
0.1248
0.6197
0.6577
0.1266
0.0836
0.0653
0.0636
0.0726
0.0750
0.6886
0.0740
0.0738
0.1213
0.2590
0.8683
0.8449
0.8592
0.1909
0.1913
0.7723
0.8343
0.1597
0.1349
0.7156
0.7559
0.7877
0.8508
0.8331
0.8720
0.8505
0.8408
0.1493
0.1867
0.8743
0.8902
0.2661
0.1256
0.7286
0.1257
0.1357
0.0756
0.0748
0.7209
0.1287
0.1374
0.0732
0.0707
0.1113
0.2759
0.8257
0.2122
0.1715
0.5563
0.5847
0.6904
0.7095
0.7308
0.7680
0.7513
0.8145
0.8224
0.7742
0.2691
0.1863
0.1830
0.2434
0.6484
0.6313
0.6896
0.7306
0.6718
0.7182
0.8015
0.8234
