0.8733
0.9289
0.9355
0.9177
0.8900
0.8261
0.8181
0.7343
0.7328
0.5985
0.2011
0.1763
0.1742
0.5744
0.2893
0.8128
0.3746
0.1603
0.1127
0.1156
0.1611
0.2369
0.2858
0.1567
0.0819
0.0667
0.0762
0.1344
0.8224
0.8241
0.8012
0.7855
0.8339
0.1632
0.0971
0.0674
0.0651
0.0816
0.1468
0.6960
0.8007
0.8538
0.8477
0.7852
0.5973
0.5337
0.5264
0.5466
0.1815
0.1771
0.6136
0.7287
0.7943
0.6659
0.1195
0.0884
0.0828
0.0881
0.1236
0.0950
0.0922
0.0542
0.0563
0.1072
0.2554
0.9352
0.1000
0.0528
0.0349
0.0298
0.0284
0.0294
0.0282
0.0351
0.0753
0.8831
0.9349
0.9397
0.9266
0.8797
0.8101
0.0659
0.0353
0.0283
0.0318
0.0528
0.0662
0.8904
0.9327
0.9555
0.9657
0.9527
0.0610
0.0246
0.0157
0.0180
0.0382
0.1793
0.9575
0.9487
0.8979
0.8465
0.0409
0.0283
0.0296
0.0482
0.0375
0.0298
0.0382
0.0878
0.1396
0.9017
0.8377
0.1343
0.1393
0.0858
0.0614
0.0458
0.0370
0.0421
0.0522
0.0884
0.7378
0.7693
0.8670
0.8650
0.7724
0.0852
0.0573
0.0553
0.0552
0.0678
0.0875
0.7872
0.8600
0.0820
0.0515
0.0477
0.0460
0.0558
0.0303
0.0258
0.0328
0.0745
0.9326
0.9465
0.1829
0.1075
0.0419
0.0242
0.0242
0.0266
0.0429
0.0330
0.0263
0.0367
0.0431
0.0194
0.0186
0.0348
0.8391
0.9262
0.9430
0.9624
0.9630
0.9469
0.0755
0.0272
0.0284
0.0695
0.9297
0.9468
0.9212
0.1106
0.0618
0.0471
0.0279
0.0224
0.0323
0.0335
0.0595
0.0808
0.1407
0.8578
0.8860
0.8789
0.8124
0.8262
0.1568
0.1989
0.8781
0.8833
0.8441
0.1075
0.0597
0.0775
0.8518
0.9346
0.9377
0.8473
0.0600
0.0472
0.0577
0.0358
0.0329
0.0412
0.0517
0.0893
0.0683
0.0747
0.7870
0.0863
0.1160
0.0878
0.1087
0.0846
0.1153
0.7158
0.7904
0.7616
0.7208
0.2102
0.2297
0.1389
0.1252
0.1437
0.2071
0.5946
0.6413
0.2646
0.5364
0.2189
0.2829
0.2695
0.6295
0.7427
0.7789
0.7387
0.2027
0.1360
0.1465
0.5661
0.5614
0.5713
0.5785
0.6014
0.2457
0.1691
0.1785
0.6500
0.7756
0.8004
0.7050
0.7322
0.1141
0.0811
0.1075
0.1022
0.1145
0.1655
0.8678
0.3376
0.9062
0.8939
0.8071
0.7719
0.7818
0.8239
0.2171
0.8583
0.1381
0.1140
0.0497
0.0416
0.0678
0.2608
