0.7033
0.2847
0.1322
0.1291
0.2058
0.7833
0.2561
0.2038
0.6173
0.6220
0.6323
0.6095
0.1232
0.0926
0.0904
0.1233
0.2385
0.4411
0.7824
0.4659
0.4108
0.2634
0.2313
0.2754
0.3988
0.4169
0.3037
0.2111
0.2207
0.5675
0.6555
0.7959
0.8285
0.3763
0.1862
0.1554
0.2147
0.3430
0.6768
0.4016
0.3252
0.2717
0.3013
0.5695
0.6824
0.7067
0.4224
0.3913
0.6179
0.3526
0.3254
0.4988
0.2521
0.2273
0.2414
0.3126
0.4192
0.7550
0.7847
0.7507
0.6495
0.6481
0.2481
0.1919
0.1594
0.1711
0.6042
0.3240
0.8046
0.1807
0.1014
0.0764
0.0660
0.0615
0.0626
0.0712
0.0779
0.0859
0.1453
0.8662
0.8912
0.1086
0.0587
0.0533
0.0517
0.0596
0.0337
0.0253
0.0240
0.0241
0.0332
0.0608
0.2276
0.9478
0.9445
0.1721
0.0683
0.0744
0.8120
0.8174
0.0760
0.0552
0.0770
0.8635
0.9113
0.9349
0.9587
0.9482
0.0775
0.0379
0.0476
0.9076
0.0516
0.0597
0.1609
0.9647
0.0749
0.0294
0.0152
0.0136
0.0146
0.0186
0.0295
0.0540
0.1184
0.9375
0.9401
0.2676
0.0905
0.0630
0.6574
0.0622
0.0765
0.1479
0.1571
0.0850
0.0939
0.6865
0.6978
0.7015
0.7833
0.1065
0.0719
0.0766
0.0562
0.0653
0.1356
0.2012
0.8931
0.8115
0.8614
0.0731
0.0450
0.0373
0.0290
0.0249
0.0237
0.0261
0.0370
0.0848
0.9351
0.9365
0.0892
0.0544
0.0461
0.0681
0.0412
0.0253
0.0236
0.0309
0.0465
0.8878
0.0913
0.0371
0.0284
0.0459
0.8532
0.9099
0.9304
0.9557
0.9586
0.9516
0.9141
0.7953
0.0398
0.0298
0.0389
0.0765
0.9124
0.9443
0.1294
0.0854
0.0416
0.0317
0.0465
0.0403
0.0390
0.0636
0.0730
0.8013
0.8825
0.8827
0.8148
0.8192
0.1605
0.1377
0.6343
0.6616
0.7424
0.6508
0.1132
0.1157
0.7829
0.9012
0.9226
0.9061
0.1388
0.0890
0.7153
0.0670
0.0599
0.0564
0.0721
0.1297
0.1109
0.1262
0.7647
0.7297
0.1012
0.0809
0.0677
0.0727
0.0999
0.1369
0.1723
0.7064
0.7043
0.6896
0.7231
0.2006
0.1435
0.1518
0.2161
0.6234
0.3602
0.5660
0.2249
0.2276
0.3076
0.3172
0.6137
0.6796
0.4400
0.4047
0.2657
0.2440
0.3057
0.3483
0.2509
0.2293
0.2579
0.5403
0.5699
0.5270
0.2914
0.3239
0.4223
0.4213
0.5545
0.2077
0.1808
0.2257
0.6515
0.6623
0.6774
0.7053
0.6895
0.7512
0.7649
0.7230
0.2818
0.1805
0.1546
0.1508
0.1585
0.1852
0.2622
0.3649
0.6342
0.6819
0.7680
0.7988
