0.7868
0.7898
0.7711
0.8044
0.7936
0.7723
0.7388
0.6042
0.2981
0.2948
0.3026
0.2954
0.2881
0.5190
0.3119
0.2952
0.3152
0.3689
0.3192
0.3195
0.5342
0.5611
0.3788
0.4002
0.3790
0.4076
0.3855
0.3775
0.4077
0.6917
0.7015
0.5930
0.3283
0.2563
0.2386
0.2630
0.3304
0.3434
0.4182
0.7244
0.4379
0.2886
0.2392
0.2830
0.2756
0.3489
0.3331
0.2296
0.5902
0.1783
0.2239
0.2505
0.8656
0.3059
0.1101
0.0731
0.0776
0.1099
0.0777
0.0647
0.0481
0.0411
0.0395
0.0426
0.0583
0.6632
0.0704
0.0678
0.1152
0.1788
0.8818
0.9237
0.9321
0.9308
0.9254
0.9136
0.9394
0.9413
0.8758
0.0550
0.0380
0.0272
0.0237
0.0221
0.0225
0.0266
0.0410
0.0916
0.8916
0.8820
0.1675
0.1406
0.7611
0.8007
0.8373
0.8455
0.7343
0.1468
0.2122
0.8749
0.8969
0.9029
0.9199
0.9246
0.9186
0.2072
0.0744
0.0474
0.0338
0.0317
0.0347
0.0450
0.0550
0.0806
0.1064
0.6419
0.1361
0.1621
0.2081
0.2859
0.7153
0.6074
0.5599
0.2352
0.2174
0.2274
0.2327
0.2672
0.3140
0.6851
0.6383
0.6496
0.6805
0.7848
0.7968
0.7251
0.7536
0.2636
0.1558
0.1435
0.1970
0.7708
0.7971
0.2180
0.1846
0.2948
0.3485
0.7554
0.7732
0.1329
0.0972
0.1347
0.2839
0.8902
0.8987
0.8875
0.2965
0.1582
0.1340
0.6914
0.7054
0.7407
0.7242
0.1579
0.1607
0.1393
0.7260
0.8211
0.8310
0.3512
0.2327
0.0942
0.0925
0.6091
0.6382
0.1405
0.1237
0.1248
0.2150
0.8175
0.8593
0.8437
0.8428
0.8622
0.8455
0.7691
0.7814
0.2185
0.1969
0.3093
0.3782
0.3578
0.8246
0.6840
0.6727
0.7611
0.1476
0.1192
0.1276
0.7113
0.8072
0.7904
0.8397
0.7870
0.1369
0.1499
0.1428
0.7771
0.8699
0.9046
0.3439
0.1720
0.0953
0.0776
0.1030
0.6011
0.7081
0.7944
0.7468
0.2606
0.2182
0.1071
0.0982
0.1587
0.8564
0.8667
0.7886
0.8159
0.0943
0.0667
0.0794
0.0981
0.0538
0.0496
0.0783
0.0737
0.1366
0.8261
0.8441
0.9154
0.9239
0.9006
0.1334
0.0820
0.7732
0.0560
0.0397
0.0342
0.0376
0.0397
0.0517
0.0905
0.7701
0.8335
0.1080
0.0701
0.0768
0.1520
0.3782
0.8835
0.8822
0.8569
0.7929
0.7701
0.8472
0.8678
0.8503
0.7730
0.7945
0.7117
0.6571
0.1566
0.1278
0.1426
0.0858
0.0761
0.0773
0.1187
0.8846
0.2994
0.1852
0.8712
0.0914
0.0489
0.0500
0.0923
0.2224
0.8823
0.8549
0.8413
0.8264
0.1267
0.1182
0.0694
0.0934
0.1323
0.7702
0.0950
0.1288
0.8392
0.1097
0.1262
0.2591
0.9014
0.1251
0.0800
0.0549
0.0539
0.0630
0.0854
0.1398
0.2923
0.7488
0.4666
0.4130
0.2030
0.1551
0.1546
0.1613
0.2104
0.7056
0.6575
0.6590
0.6405
0.1679
0.1302
0.1341
0.1923
0.2591
0.1500
0.0750
0.0560
0.0545
0.0554
0.0789
0.1926
0.8937
0.8962
0.8653
0.8920
0.8979
0.8879
0.8388
0.8622
0.7478
0.0622
0.0405
0.0414
0.0668
0.0694
0.0780
0.1505
0.2061
0.2795
0.7279
0.1486
0.1286
0.1441
0.1959
0.2183
0.2349
0.6329
0.4279
0.4049
0.2542
0.2231
0.2234
0.6807
0.2112
0.1619
0.1843
0.7081
0.1892
0.1365
0.1600
0.6690
0.7361
0.7780
0.8556
0.8719
0.8519
0.8450
0.7879
0.8087
0.7649
0.8069
0.8882
0.9127
0.9131
0.8946
0.8396
0.8544
0.8134
0.7928
0.8472
0.8271
0.8722
0.8357
0.7685
0.1107
0.0926
0.1233
0.8332
0.1160
0.0792
0.0745
0.0994
0.1600
0.3882
0.8864
0.8066
0.6765
0.6407
0.1225
0.1013
0.1445
0.8222
0.8885
0.8948
0.8631
0.8903
0.8774
0.7903
0.6755
0.6491
0.6576
0.1325
0.1720
0.3710
0.8751
0.7837
0.6690
0.6203
0.1200
0.1066
0.1473
0.7402
0.8339
0.8302
0.8719
0.8557
0.7648
0.1746
0.1182
0.0918
0.1156
0.7601
0.7950
0.8731
0.8620
0.1414
0.1228
0.2193
0.3250
0.8162
0.8533
0.8554
0.8001
0.8255
0.7620
0.6922
0.1160
0.1064
0.1887
0.8922
0.9154
0.9121
0.8719
0.1255
0.0901
0.1126
0.6731
0.6946
0.1577
0.1695
0.1756
0.0942
0.0947
0.7094
0.8207
0.8287
0.8917
0.8873
0.0684
0.0369
0.0330
0.0437
0.0321
0.0355
0.0651
0.0553
0.0727
0.0398
0.0429
0.7750
0.0477
0.0483
0.0916
0.9218
0.9004
0.9127
0.9244
0.9522
0.9441
0.0781
0.0403
0.0448
0.8573
0.0489
0.0479
0.0450
0.0442
0.0613
0.8121
0.0586
0.0574
0.0507
0.0445
0.0535
0.0940
0.7901
0.8576
0.8329
0.7904
0.8234
0.1090
0.0822
0.1121
0.1716
0.1367
0.6878
0.6453
0.6802
0.7543
0.8629
0.8772
0.2086
0.1650
0.0899
0.0941
0.1081
0.1349
0.2531
0.3398
0.7677
0.8119
0.8292
0.8196
0.2156
0.1355
0.1182
0.1973
0.1952
0.1008
0.0916
0.8086
0.0792
0.0852
0.0414
0.0309
0.0312
0.0426
0.0288
0.0289
0.0445
0.0346
0.0437
0.0454
0.0187
0.0143
0.0163
0.0332
0.1903
0.9713
0.9566
0.9431
0.0586
0.0292
0.0228
0.0177
0.0165
0.0179
0.0200
0.0318
0.0789
0.8979
0.8685
0.9085
0.9027
0.8428
0.0600
0.0396
0.0426
0.7520
0.0369
0.0309
0.0432
0.1438
0.2447
0.9435
0.0303
0.0162
0.0135
0.0151
0.0237
0.0741
0.9552
0.9751
0.9551
0.0483
0.0239
0.0189
0.0174
0.0231
0.0443
0.8597
0.0571
0.0414
0.0317
0.0431
0.0977
0.9240
0.9047
0.0672
0.0421
0.0368
0.0312
0.0309
0.0339
0.0326
0.0368
0.0511
0.0724
0.1041
0.8672
0.8192
0.2454
0.1850
0.8236
0.1705
0.1378
0.1362
0.2353
0.2508
0.1561
0.1488
0.1997
0.1504
0.1496
0.1807
0.2082
0.2226
0.2986
0.2606
0.3042
0.2704
0.3514
0.7340
0.7713
0.7761
0.7427
0.6430
0.5614
0.5475
0.5231
0.2409
0.2195
0.2620
0.4039
0.7704
0.7740
0.7295
0.2239
0.1376
0.1398
0.2152
0.7918
0.8226
0.7913
0.8239
0.8197
0.7824
0.8157
0.8109
0.7654
0.7879
0.7309
0.2286
0.1743
0.2007
0.3169
0.7531
0.7611
0.4363
0.2965
0.2369
0.2092
0.2362
0.2739
0.3793
0.6394
0.6661
0.7238
0.7182
0.4064
0.4598
0.4821
0.7714
0.3455
0.2236
0.1964
0.1703
0.5345
0.1329
0.0948
0.0818
0.0868
0.0851
0.1005
0.0494
0.0342
0.0320
0.0389
0.0520
0.0878
0.9235
0.9488
0.9506
0.1534
0.1573
0.0945
0.0338
0.0258
0.0267
0.0318
0.0319
0.0354
0.0491
0.0996
0.3040
0.9030
0.8856
0.8761
0.3342
0.1397
0.1107
0.1682
0.8721
0.1216
0.0770
0.0549
0.0610
0.1027
0.8481
0.8202
0.8730
0.3688
0.2968
0.1684
0.0857
0.1267
0.8754
0.8759
0.8907
0.8653
0.8945
0.8896
0.8456
0.8142
0.8573
0.8957
0.8929
0.8531
0.8758
0.8605
0.8986
0.8817
0.0881
0.0622
0.0765
0.1009
0.1085
0.7319
0.0734
0.0619
0.0735
0.1376
0.1398
0.1913
0.1195
0.1050
0.1162
0.1145
0.1229
0.1445
0.1579
0.2045
0.3434
0.6966
0.7620
0.7803
0.7547
0.8057
0.8130
0.7762
0.1940
0.1150
0.1162
0.1941
0.2037
0.1439
0.7783
0.8712
0.8960
0.8828
0.8305
0.2007
0.1496
0.1168
0.0991
0.1071
0.1425
0.5894
0.6546
0.6088
0.6092
0.6696
0.6237
0.6621
0.7707
0.7860
0.7342
0.2577
0.2669
0.2092
0.1113
0.0753
0.1047
0.1168
0.8874
0.8686
0.9023
0.8890
0.8176
0.8350
0.9013
0.8942
0.0867
0.0569
0.0507
0.0804
0.0890
0.1084
0.1516
0.1625
0.2631
0.3163
0.3064
0.4180
0.8838
0.8726
