0.7657
0.7130
0.2197
0.1656
0.1209
0.1112
0.1215
0.1266
0.1579
0.1934
0.6648
0.6744
0.6471
0.6559
0.7107
0.7947
0.1384
0.0896
0.0858
0.1136
0.0861
0.0883
0.1218
0.1905
0.6810
0.7521
0.6434
0.2643
0.1863
0.1630
0.1757
0.2301
0.2088
0.6264
0.7250
0.7867
0.6925
0.2207
0.1574
0.1284
0.1433
0.1941
0.2981
0.5216
0.5117
0.3016
0.2956
0.2968
0.3302
0.2654
0.2539
0.2961
0.3965
0.4187
0.3764
0.4055
0.4025
0.4516
0.4463
0.3614
0.2672
0.2454
0.2737
0.3520
0.4317
0.4735
0.4439
0.3276
0.2763
0.2948
0.5212
0.5513
0.4002
0.3643
0.3688
0.3158
0.3213
0.3480
0.5637
0.3526
0.3534
0.2749
0.2552
0.2693
0.2651
0.2395
0.2348
0.2472
0.2509
0.2759
0.2921
0.3313
0.2568
0.2291
0.2309
0.2278
0.2500
0.2695
0.3295
0.5602
0.5541
0.2768
0.6280
0.3153
0.2222
0.2043
0.1235
0.1125
0.1398
0.1158
0.1269
0.1472
0.1576
0.0942
0.0842
0.0808
0.0993
0.0608
0.0519
0.0647
0.6445
0.1013
0.1265
0.1257
0.2123
0.8785
0.1644
0.0638
0.0500
0.0507
0.0768
0.0756
0.1175
0.1338
0.8665
0.7913
0.0970
0.0634
0.0726
0.1319
0.9103
0.9241
0.2754
0.1639
0.1169
0.0985
0.0904
0.0877
0.0889
0.0931
0.0995
0.1069
0.1128
0.1183
0.1483
0.9113
0.9327
0.9249
0.9253
0.9343
0.9319
0.9203
0.9205
0.9048
0.8997
0.9007
0.8459
0.8379
0.8772
0.0671
0.0430
0.0367
0.0661
0.1124
0.9456
0.9532
0.9482
0.0993
0.0407
0.0268
0.0403
0.0567
0.9525
0.0822
0.0357
0.0235
0.0206
0.0203
0.0207
0.0210
0.0213
0.0218
0.0239
0.0303
0.0507
0.1190
0.9476
0.9267
0.0572
0.0366
0.0472
0.1208
0.8778
0.9152
0.8914
0.9035
0.0762
0.0456
0.0329
0.0349
0.0392
0.0630
0.0575
0.0852
0.8931
0.0789
0.0537
0.0658
0.0981
0.9292
0.0724
0.0407
0.0342
0.0383
0.0386
0.0363
0.0488
0.1012
0.9293
0.1366
0.1258
0.0582
0.0485
0.0422
0.0465
0.0603
0.0737
0.1014
0.6975
0.2069
0.7413
0.7601
0.3131
0.2496
0.3031
0.2545
0.2874
0.2010
0.1919
0.2265
0.2603
0.3497
0.3171
0.3504
0.2885
0.3253
0.4271
0.4234
0.3188
0.2774
0.2996
0.3111
0.5702
0.3639
0.2873
0.2567
0.2764
0.3064
0.3816
0.6311
0.6184
0.2860
0.2234
0.2274
0.2887
0.3520
0.3687
0.2418
0.1985
0.2022
0.2428
0.3500
0.3380
0.2883
0.2363
0.2360
0.2260
0.2449
0.2257
0.1753
0.1536
0.1508
0.1687
0.1949
0.2835
0.4385
