0.2744
0.1182
0.1132
0.0977
0.0756
0.0846
0.1000
0.1590
0.7496
0.0855
0.0774
0.1220
0.7694
0.8371
0.7835
0.7896
0.7711
0.7106
0.1104
0.0908
0.1109
0.7457
0.1176
0.1004
0.1340
0.1273
0.1864
0.1631
0.1570
0.2153
0.5604
0.5761
0.5489
0.5294
0.5235
0.5314
0.5600
0.6474
0.4010
0.2856
0.2526
0.2547
0.3469
0.7047
0.3305
0.1756
0.1390
0.1504
0.2063
0.1801
0.5927
0.6174
0.6655
0.6932
0.7692
0.6634
0.1359
0.1011
0.0827
0.0870
0.1100
0.1619
0.2313
0.3164
0.2500
0.6111
0.2272
0.1705
0.1638
0.5733
0.1807
0.1416
0.1556
0.6257
0.7376
0.3217
0.1660
0.1460
0.6377
0.1637
0.1735
0.6821
0.6832
0.6992
0.6710
0.6659
0.6894
0.7504
0.7809
0.7654
0.1960
0.1809
0.7270
0.6935
0.1434
0.1278
0.1658
0.7066
0.6857
0.1345
0.1059
0.1199
0.6408
0.6889
0.1733
0.1780
0.2819
0.7309
0.2010
0.1904
0.2262
0.6140
0.7303
0.6758
0.5865
0.5523
0.5480
0.5620
0.5468
0.5469
0.5728
0.6406
0.7816
0.7908
0.2732
0.1741
0.1559
0.1497
0.1851
0.3132
0.7314
0.7790
0.6693
0.6486
0.1581
0.1163
0.0889
0.0873
0.0951
0.1554
0.8349
0.8556
0.2966
0.7879
0.1767
0.2161
0.8285
0.7784
0.6970
0.6678
0.6618
0.6623
0.1594
0.1522
0.6844
0.1916
0.7099
0.6853
0.1151
0.1030
0.1449
0.1245
0.1528
0.1057
0.1183
0.1552
0.0981
0.0864
0.1024
0.6273
0.6507
0.1520
0.1834
0.2482
0.7629
0.6793
0.6511
0.6388
0.6421
0.6657
0.7256
0.7517
0.7269
0.6654
0.6669
0.1119
0.0881
0.1230
0.3426
0.9319
0.8620
0.8094
0.0596
0.0417
0.0499
0.1096
0.1600
0.1833
0.1884
0.9040
0.8762
0.1245
0.1000
0.7488
0.1009
0.1141
0.1199
0.1575
0.0748
0.0505
0.0436
0.0453
0.0551
0.0611
0.0806
0.8005
0.0935
0.1224
0.8497
0.8907
0.9308
0.3357
0.2509
0.9445
0.1853
0.0692
0.0284
0.0229
0.0248
0.0327
0.0551
0.1364
0.8813
0.8227
0.8423
0.7304
0.1616
0.1216
0.1329
0.1975
0.1458
0.1526
0.5625
0.5936
0.7027
0.7150
0.3612
0.2788
0.1341
0.1270
0.1529
0.7240
0.7012
0.7581
0.7981
0.8312
0.8608
0.8411
0.8389
0.8537
0.8241
0.8130
0.8161
0.8333
0.3548
0.2816
0.1663
0.1810
0.2473
0.7292
0.7573
0.8063
0.7899
0.3341
0.2482
0.2770
0.2355
0.2926
0.6449
0.6824
0.7952
0.8430
0.8569
0.8531
0.8307
0.8274
0.7818
0.7483
0.7282
0.7194
0.7286
0.8060
0.8691
0.8782
0.8471
0.8218
0.8122
0.8201
0.8548
0.9153
0.9304
0.8938
