0.8608
0.8946
0.7973
0.2188
0.1238
0.1372
0.2353
0.4013
0.4658
0.8164
0.8406
0.8030
0.6501
0.6259
0.7046
0.1568
0.0979
0.0591
0.0477
0.0493
0.0695
0.0906
0.0596
0.0807
0.8190
0.8699
0.9312
0.9288
0.1130
0.0544
0.0444
0.0360
0.0337
0.0367
0.0544
0.1250
0.1572
0.1053
0.0930
0.1337
0.1198
0.1240
0.2397
0.8465
0.8587
0.8798
0.8618
0.7888
0.7967
0.7192
0.7307
0.7401
0.7472
0.1688
0.1729
0.3111
0.8895
0.1660
0.0938
0.0966
0.6193
0.6915
0.1996
0.2977
0.2792
0.1726
0.7911
0.7945
0.0895
0.0707
0.0539
0.0373
0.0320
0.0262
0.0287
0.0478
0.1499
0.3295
0.9417
0.9098
0.8891
0.8805
0.9175
0.8808
0.0822
0.0422
0.0248
0.0255
0.0390
0.7783
0.1138
0.1143
0.1806
0.1885
0.1227
0.7580
0.6789
0.0830
0.0785
0.0870
0.1241
0.7948
0.8642
0.9027
0.8803
0.7507
0.6801
0.6836
0.7388
0.8395
0.8510
0.8995
0.9015
0.8633
0.1494
0.0821
0.0552
0.0617
0.1007
0.2570
0.8190
0.6747
0.6582
0.7261
0.7045
0.1985
0.2509
0.7877
0.8041
0.1866
0.2011
0.1543
0.1445
0.0671
0.0342
0.0283
0.0326
0.6438
0.0359
0.0354
0.0600
0.0742
0.0967
0.1007
0.1340
0.9514
0.9625
0.9544
0.1133
0.0567
0.0445
0.0494
0.0297
0.0199
0.0197
0.0188
0.0215
0.0312
0.0686
0.1026
0.1598
0.1933
0.2938
0.8035
0.7464
0.2612
0.2285
0.5412
0.5449
0.5776
0.6291
0.6731
0.6907
0.6807
0.6474
0.6068
0.6130
0.6141
0.6537
0.6888
0.7158
0.7404
0.7704
0.8035
0.8304
0.7745
0.6959
0.6327
0.6314
0.6767
0.7797
0.7919
0.7997
0.8153
0.8381
0.8054
0.7861
0.7876
0.8038
0.8198
0.8176
0.6820
0.6330
0.1669
0.1859
0.3403
0.4639
0.8976
0.8644
0.2455
0.1955
0.1094
0.0835
0.1133
0.8676
0.2037
0.1525
0.7360
0.1450
0.8331
0.1042
0.0879
0.1004
0.2320
0.8630
0.8601
0.8146
0.7933
0.8573
0.8533
0.7822
0.8057
0.1161
0.0993
0.0933
0.0506
0.0327
0.0345
0.0391
0.0418
0.0404
0.0392
0.0561
0.8680
0.9141
0.9403
0.9551
0.9584
0.9578
0.9493
0.8932
0.0637
0.0716
0.0698
0.0595
0.0459
0.0331
0.0229
0.0339
0.0461
0.0853
0.1289
0.1877
0.1413
0.0840
0.8600
0.1283
0.1356
0.2216
0.9345
0.9419
0.9415
0.9383
0.3288
0.2145
0.1153
0.7572
0.0648
0.0932
0.1961
0.8985
0.9126
0.9095
0.8967
0.8652
0.8868
0.8764
0.8041
0.7787
0.7465
0.1334
0.1276
0.1209
0.0718
0.0809
0.1663
0.1901
0.7524
0.0889
0.0910
0.1644
0.2313
0.3231
0.7464
0.6361
0.2192
0.1734
0.1301
0.1404
0.5331
0.5996
0.7029
0.8261
0.8425
