0.7858
0.7797
0.7299
0.7331
0.7644
0.7843
0.7229
0.7309
0.6397
0.3174
0.2976
0.2842
0.2696
0.2945
0.5185
0.2599
0.2319
0.2255
0.2407
0.2439
0.2741
0.3367
0.2571
0.2198
0.5245
0.1841
0.1512
0.1625
0.6061
0.7258
0.8066
0.2636
0.2195
0.1531
0.7695
0.1712
0.2163
0.1511
0.0544
0.0354
0.0327
0.0399
0.0504
0.0662
0.1297
0.1524
0.7825
0.0746
0.0845
0.0888
0.8666
0.1800
0.1152
0.1032
0.8550
0.1103
0.0513
0.0457
0.0772
0.8949
0.0514
0.0319
0.0313
0.0576
0.8841
0.9251
0.9390
0.9485
0.0697
0.0350
0.0333
0.0549
0.8669
0.0307
0.0194
0.0181
0.0289
0.0565
0.0553
0.0269
0.0171
0.0188
0.0225
0.0275
0.0366
0.0621
0.2010
0.9486
0.9453
0.2081
0.0602
0.0347
0.0346
0.0440
0.0487
0.0474
0.0567
0.0915
0.1539
0.8199
0.7500
0.1288
0.0820
0.0711
0.0826
0.1343
0.1450
0.1456
0.0946
0.1196
0.1169
0.1474
0.2342
0.8121
0.7406
0.7046
0.7500
0.8471
0.8701
0.8497
0.8494
0.8687
0.8542
0.2100
0.2133
0.1593
0.0928
0.0751
0.1119
0.7522
0.7536
0.8629
0.3193
0.1504
0.7144
0.1344
0.1006
0.1546
0.8840
0.8914
0.8430
0.7594
0.0838
0.0761
0.1164
0.8474
0.1754
0.2662
0.9215
0.2435
0.0686
0.0376
0.0309
0.0321
0.0405
0.0686
0.0622
0.1003
0.8658
0.9138
0.9036
0.8909
0.9161
0.0723
0.0408
0.0346
0.0296
0.0291
0.0326
0.0340
0.0447
0.0814
0.7862
0.8649
0.8673
0.8694
0.8715
0.7524
0.0943
0.0772
0.0648
0.0704
0.0902
0.1354
0.6387
0.6132
0.6195
0.6422
0.1550
0.1264
0.1016
0.0890
0.1355
0.2518
0.8312
0.8593
0.8124
0.8336
0.7094
0.6551
0.6392
0.0903
0.0711
0.0719
0.0970
0.7942
0.7732
0.0883
0.0749
0.1002
0.8525
0.8720
0.1197
0.0941
0.0281
0.0184
0.0205
0.0398
0.0481
0.0927
0.9425
0.9680
0.9674
0.9350
0.0487
0.0277
0.0280
0.0348
0.7374
0.0362
0.0344
0.0512
0.1031
0.9312
0.2595
0.1004
0.0874
0.7356
0.7419
0.0929
0.0677
0.0717
0.1227
0.8596
0.8328
0.1298
0.0673
0.0603
0.0857
0.1943
0.2542
0.1726
0.1288
0.1586
0.6324
0.5979
0.2119
0.1772
0.1761
0.1615
0.1643
0.1888
0.2501
0.6395
0.2995
0.5370
0.2590
0.5614
0.3613
0.3700
0.4307
0.4255
0.3317
0.5839
0.5407
0.1579
0.1200
0.1348
0.2430
0.8455
0.8723
0.3213
0.1131
0.0771
0.1020
0.1593
0.8906
0.1446
0.1563
0.8707
0.8533
0.8501
0.8545
0.8668
0.8012
0.8100
0.0951
0.0865
0.1389
0.1304
0.0683
0.0697
0.1157
0.7112
0.7976
0.3600
0.1853
0.1488
0.1644
0.6053
0.7456
0.8621
0.9010
0.9120
0.8826
