0.6915
0.2739
0.1599
0.2649
0.8709
0.8917
0.8218
0.7839
0.6056
0.1364
0.1239
0.1595
0.2989
0.3739
0.4720
0.5154
0.8102
0.7791
0.6621
0.2829
0.2380
0.2278
0.3088
0.3080
0.7655
0.6900
0.1853
0.1113
0.0934
0.0875
0.1267
0.7535
0.8742
0.8970
0.8655
0.1569
0.1042
0.1265
0.1169
0.1654
0.7215
0.6922
0.6402
0.6788
0.1824
0.1451
0.2152
0.8278
0.8555
0.7523
0.1415
0.1183
0.1907
0.8023
0.8147
0.6834
0.6430
0.1412
0.1033
0.1018
0.0949
0.0788
0.0852
0.1279
0.1355
0.7650
0.8450
0.8988
0.8838
0.1128
0.0641
0.0574
0.0949
0.1772
0.1724
0.1029
0.1197
0.6528
0.6750
0.2127
0.1771
0.1338
0.0933
0.0793
0.0649
0.0649
0.0718
0.1289
0.8447
0.8880
0.9181
0.9243
0.9211
0.9020
0.7770
0.0682
0.0527
0.0694
0.0592
0.0778
0.0617
0.0851
0.0855
0.1522
0.7280
0.7979
0.8630
0.8448
0.1196
0.0630
0.0505
0.0521
0.0623
0.6387
0.0555
0.0503
0.0760
0.1493
0.1525
0.0786
0.0786
0.0427
0.0424
0.0638
0.7590
0.7901
0.0899
0.0742
0.0972
0.2132
0.8371
0.7953
0.8031
0.1002
0.0817
0.8057
0.0439
0.0258
0.0183
0.0175
0.0273
0.1178
0.9707
0.9777
0.9667
0.1229
0.0285
0.0180
0.0207
0.0266
0.0513
0.9146
0.0834
0.0845
0.7788
0.8234
0.9045
0.9055
0.8081
0.0718
0.0459
0.0496
0.0897
0.8248
0.8711
0.0765
0.0427
0.0388
0.0598
0.1106
0.9117
0.1550
0.1362
0.1501
0.1129
0.0871
0.7025
0.0472
0.0358
0.0368
0.0566
0.1530
0.9066
0.9253
0.9255
0.9116
0.8720
0.7240
0.6421
0.6454
0.1083
0.0974
0.1382
0.8173
0.8503
0.7296
0.6603
0.0813
0.0696
0.0833
0.7622
0.1207
0.1143
0.1195
0.1577
0.1716
0.1848
0.3099
0.9429
0.9381
0.1042
0.0375
0.0250
0.0223
0.0221
0.0185
0.0172
0.0197
0.0336
0.1245
0.9610
0.9633
0.9560
0.0812
0.0243
0.0159
0.0167
0.0188
0.0306
0.0493
0.0551
0.9080
0.9515
0.9652
0.9713
0.9559
0.0693
0.0434
0.0424
0.0304
0.0247
0.0149
0.0170
0.0358
0.0504
0.0347
0.0215
0.0140
0.0126
0.0132
0.0162
0.0246
0.0550
0.1413
0.8853
0.8853
0.8001
0.0689
0.0474
0.0587
0.0959
0.1713
0.2083
0.1808
0.1030
0.0867
0.0984
0.7503
0.8416
0.8182
0.8727
0.1004
0.0476
0.0332
0.0317
0.0410
0.0859
0.1270
0.9262
0.3474
0.8384
0.8239
0.8456
0.8669
0.8076
0.8281
0.7464
0.7611
0.2536
0.8826
0.1043
0.0684
0.0468
0.0454
0.0528
0.0565
0.0743
0.6771
0.7047
0.7754
0.8279
0.1810
0.1404
0.0699
0.0632
0.0847
0.1335
0.3022
0.4391
0.8347
0.3120
0.1888
0.1327
0.2062
0.7472
0.8190
