0.7946
0.7926
0.7475
0.7549
0.7900
0.8135
0.7561
0.7682
0.6825
0.6142
0.6165
0.6060
0.5742
0.2740
0.2099
0.1816
0.1799
0.2020
0.5242
0.2416
0.2551
0.3177
0.2321
0.1855
0.1881
0.5426
0.5587
0.1978
0.2213
0.7174
0.8067
0.7726
0.7923
0.6940
0.6615
0.1327
0.1093
0.1278
0.1340
0.1249
0.1144
0.1638
0.7689
0.7974
0.8613
0.3485
0.2114
0.2323
0.2173
0.1824
0.6134
0.6292
0.6413
0.6528
0.7456
0.7291
0.6997
0.6475
0.1679
0.1196
0.1169
0.1528
0.6245
0.6496
0.6951
0.7113
0.7022
0.6954
0.7623
0.8727
0.9004
0.2840
0.0822
0.0517
0.0521
0.0641
0.0778
0.0960
0.6433
0.7060
0.2467
0.3694
0.3723
0.8003
0.7174
0.7426
0.7720
0.2023
0.2481
0.3759
0.9012
0.8628
0.1126
0.0843
0.1463
0.8846
0.9067
0.8870
0.1073
0.0618
0.0566
0.0712
0.0887
0.1292
0.6475
0.6655
0.1572
0.1194
0.1208
0.1677
0.1244
0.0866
0.0881
0.1394
0.1386
0.1406
0.1660
0.7547
0.7156
0.6884
0.7361
0.8361
0.8560
0.8210
0.8060
0.8177
0.8548
0.3247
0.2935
0.1969
0.0989
0.0687
0.0896
0.7037
0.7480
0.8727
0.2775
0.0973
0.0662
0.0856
0.0785
0.1446
0.9056
0.9108
0.8531
0.7352
0.0645
0.0492
0.0535
0.0645
0.0818
0.1487
0.8973
0.1838
0.1030
0.0625
0.0477
0.0588
0.1209
0.1305
0.0739
0.0985
0.8240
0.8819
0.8777
0.8809
0.9293
0.2096
0.0684
0.0446
0.0340
0.0280
0.0330
0.0570
0.0700
0.1481
0.8271
0.8807
0.8928
0.8680
0.8502
0.7151
0.6498
0.1159
0.1110
0.0944
0.0941
0.1038
0.1150
0.1047
0.1247
0.6608
0.6772
0.7284
0.7370
0.7212
0.1883
0.2377
0.3494
0.7736
0.8189
0.7771
0.8040
0.6727
0.6040
0.1325
0.1144
0.1107
0.1271
0.1657
0.5702
0.5546
0.5694
0.1923
0.2212
0.1487
0.1485
0.2121
0.8277
0.1605
0.1307
0.7127
0.8383
0.1400
0.0818
0.0581
0.0742
0.0546
0.0667
0.0542
0.0900
0.8930
0.8863
0.1426
0.0507
0.0452
0.0808
0.8269
0.9005
0.3895
0.3371
0.2389
0.1429
0.7545
0.6860
0.6832
0.6970
0.7369
0.8328
0.1520
0.0956
0.1269
0.8896
0.1822
0.0849
0.0548
0.0842
0.8514
0.8765
0.8782
0.0786
0.0564
0.0687
0.0497
0.0845
0.9149
0.9185
0.8854
0.8363
0.0662
0.0646
0.1248
0.9231
0.1177
0.1153
0.8595
0.8707
0.8819
0.1447
0.0718
0.0855
0.0949
0.8323
0.1310
0.0931
0.1478
0.7996
0.8616
0.8693
0.8260
0.7812
0.7289
0.0877
0.0855
0.1135
0.2182
0.9142
0.9210
0.2671
0.1027
0.0779
0.1034
0.7974
0.7756
0.0887
0.0731
0.0630
0.0561
0.0698
0.0949
0.1353
0.1091
0.8417
0.1212
0.1379
0.8687
0.2229
0.0951
0.0774
0.1040
0.1812
0.7926
0.7898
0.6553
0.6224
0.6138
0.6746
0.8156
0.9049
0.9307
0.9327
0.8975
