0.8619
0.9100
0.8949
0.5631
0.3806
0.3781
0.4369
0.4612
0.7948
0.8160
0.7906
0.7830
0.7881
0.2616
0.1407
0.1120
0.1158
0.1488
0.2039
0.8089
0.2255
0.1721
0.6510
0.1112
0.0967
0.1236
0.1704
0.7825
0.1728
0.7317
0.1403
0.1391
0.2547
0.8490
0.8320
0.8084
0.1448
0.1235
0.2263
0.8724
0.2350
0.8645
0.2726
0.1672
0.0732
0.0787
0.6291
0.2049
0.2396
0.7535
0.7187
0.6894
0.6658
0.6566
0.7267
0.6605
0.6175
0.6469
0.7537
0.8463
0.8578
0.8191
0.8086
0.8314
0.8072
0.8749
0.3496
0.2053
0.0868
0.0918
0.8490
0.1547
0.0681
0.0575
0.0912
0.8477
0.9087
0.9490
0.2129
0.0500
0.0287
0.0273
0.0274
0.0351
0.0618
0.1226
0.9046
0.1287
0.1102
0.0594
0.0631
0.1038
0.2720
0.8159
0.7608
0.7926
0.7369
0.6895
0.6383
0.5831
0.5884
0.1448
0.1166
0.1213
0.1718
0.1337
0.0918
0.0893
0.0934
0.1112
0.7429
0.8025
0.2435
0.1614
0.2549
0.8847
0.8904
0.8702
0.7979
0.8130
0.7667
0.8193
0.8733
0.2641
0.1303
0.1381
0.7359
0.7199
0.2079
0.2772
0.2454
0.1799
0.2449
0.6811
0.7200
0.7758
0.8167
0.7744
0.7490
0.8172
0.7762
0.7068
0.6277
0.6043
0.1449
0.1186
0.1230
0.1667
0.6130
0.6634
0.2300
0.1646
0.1582
0.1521
0.1380
0.6562
0.1248
0.1120
0.1465
0.1167
0.0919
0.1161
0.1068
0.1826
0.8368
0.7824
0.7339
0.6946
0.6649
0.7311
0.1294
0.1255
0.2549
0.3975
0.8756
0.7972
0.7364
0.7607
0.7763
0.7708
0.7352
0.1220
0.0883
0.0794
0.1234
0.8099
0.7379
0.7612
0.8252
0.7178
0.0793
0.0600
0.0697
0.0947
0.1765
0.7764
0.7671
0.1094
0.1047
0.1300
0.1977
0.2342
0.2649
0.2899
0.9121
0.8544
0.8372
0.0705
0.0645
0.0689
0.0930
0.1352
0.1085
0.0466
0.0389
0.0381
0.0529
0.7210
0.1232
0.2302
0.2695
0.2397
0.3441
0.7449
0.7257
0.7455
0.7693
0.7998
0.7539
0.7381
0.8123
0.8776
0.8941
0.8876
0.8687
0.2819
0.1596
0.1084
0.0886
0.1097
0.1451
0.1250
0.7580
0.7913
0.8814
0.8957
0.8777
0.8216
0.1796
0.0846
0.0721
0.0693
0.0939
0.0586
0.0604
0.0921
0.7521
0.7793
0.1619
0.2245
0.1907
0.1148
0.1672
0.8122
0.7386
0.7726
0.8062
0.8417
0.8191
0.8191
0.8416
0.8766
0.8763
0.8913
0.8791
0.1279
0.1135
0.1091
0.2869
0.9370
0.9378
0.9265
0.8901
0.8552
0.8744
0.1876
0.3105
0.9097
0.9182
0.8956
0.8748
0.8528
0.1697
0.1986
0.8954
0.8580
0.8746
0.8891
0.8964
0.9152
0.0692
0.0310
0.0282
0.0350
0.0479
0.0385
0.0344
0.0381
0.0577
0.8936
0.8904
0.0978
0.0458
0.0367
0.0329
0.0297
0.0368
0.0265
0.0282
0.0327
0.0397
0.0497
0.0376
0.0542
0.0649
0.1556
0.9150
0.8962
0.9012
0.8852
0.2559
0.1114
0.0595
0.0581
0.1373
0.8271
0.8757
