0.8302
0.8768
0.8574
0.8202
0.8344
0.7771
0.3078
0.2138
0.2259
0.3097
0.3656
0.2621
0.2481
0.5245
0.5459
0.5772
0.6326
0.5624
0.2220
0.2155
0.3064
0.6675
0.7578
0.7645
0.7231
0.6947
0.4025
0.3973
0.3348
0.3048
0.3656
0.6734
0.6752
0.3654
0.3186
0.3119
0.5453
0.6027
0.5371
0.2432
0.1937
0.1949
0.2691
0.7429
0.7708
0.2432
0.1549
0.1560
0.1887
0.6721
0.6917
0.6526
0.6318
0.1866
0.2019
0.1400
0.1315
0.1657
0.2315
0.3170
0.2485
0.2454
0.1414
0.1280
0.5959
0.1213
0.1014
0.1233
0.7333
0.2301
0.1251
0.1088
0.6309
0.1224
0.1539
0.7549
0.8327
0.8205
0.8670
0.9031
0.3724
0.1535
0.6953
0.0864
0.0864
0.1419
0.8564
0.1188
0.0917
0.1568
0.8574
0.8722
0.8034
0.6953
0.6674
0.6238
0.6160
0.6235
0.6476
0.7027
0.7338
0.7350
0.8085
0.1116
0.0690
0.0543
0.0683
0.0602
0.1050
0.9135
0.9303
0.2521
0.1690
0.0683
0.7395
0.0402
0.0303
0.0292
0.0320
0.0640
0.9187
0.9624
0.9690
0.9578
0.0606
0.0230
0.0145
0.0178
0.0365
0.8956
0.1208
0.1609
0.2826
0.9275
0.9052
0.8983
0.0667
0.0376
0.0383
0.0516
0.1150
0.2005
0.9169
0.9045
0.9013
0.1668
0.0824
0.0570
0.0523
0.0301
0.0349
0.0258
0.0394
0.0666
0.0463
0.0531
0.8951
0.9278
0.9565
0.9247
0.0475
0.0295
0.0321
0.0396
0.0258
0.0264
0.0318
0.0452
0.0763
0.1038
0.1333
0.9037
0.9208
0.9257
0.9128
0.1000
0.0690
0.0548
0.0468
0.0529
0.0537
0.0641
0.6597
0.0833
0.0828
0.1106
0.1842
0.8171
0.7856
0.6445
0.2046
0.2915
0.2715
0.6280
0.6618
0.1721
0.1298
0.1211
0.1366
0.1449
0.5043
0.5043
0.5420
0.1236
0.1032
0.0972
0.1465
0.1357
0.1221
0.1089
0.0574
0.0624
0.1157
0.8888
0.8230
0.0854
0.0515
0.0340
0.0335
0.0477
0.0642
0.0416
0.0613
0.8565
0.9195
0.9514
0.9473
0.8942
0.8553
0.8013
0.0427
0.0314
0.0378
0.0526
0.0334
0.0382
0.0783
0.0691
0.0284
0.0241
0.0320
0.0643
0.1318
0.7836
0.7545
0.1720
0.1188
0.0968
0.1499
0.1589
0.7746
0.8034
0.1268
0.0716
0.0578
0.0598
0.0718
0.6344
0.1044
0.1268
0.7700
0.3367
0.8144
0.8221
0.7119
0.6848
0.7081
0.2180
0.8330
0.1985
0.0868
0.0522
0.0456
0.0496
0.0677
0.1252
0.8287
0.7757
0.8186
0.1463
0.0970
0.1171
0.7693
0.8332
0.1552
0.1224
0.1435
0.8361
0.7975
0.8573
0.8072
0.8388
0.1231
0.0983
0.1404
0.8155
0.6954
0.1212
0.1116
0.1462
0.8196
0.1599
0.1143
0.0908
0.1270
0.8315
0.8666
0.7664
0.6930
0.0964
0.0945
0.1403
0.1266
0.6387
0.6590
0.7553
0.7056
0.1114
0.1077
0.0729
0.1060
0.2220
0.9060
0.8367
0.8603
0.9221
0.9346
0.1845
0.1360
0.0655
0.0360
0.0231
0.0209
0.0234
0.0354
0.1069
0.9049
0.9423
0.9088
