0.6704
0.2710
0.1368
0.1320
0.1675
0.2221
0.5952
0.6430
0.7295
0.7850
0.7495
0.5892
0.2486
0.2096
0.2186
0.2913
0.3836
0.3872
0.3961
0.3818
0.7630
0.7806
0.3438
0.2693
0.7201
0.7678
0.6799
0.1301
0.1064
0.0957
0.0893
0.1164
0.1358
0.0677
0.0465
0.0334
0.0311
0.0382
0.0734
0.8589
0.9220
0.2785
0.1632
0.0737
0.6649
0.0508
0.0475
0.0558
0.0793
0.1647
0.9064
0.9399
0.9471
0.9310
0.0814
0.0434
0.0615
0.0769
0.0812
0.9021
0.1304
0.1651
0.2789
0.9174
0.8460
0.0767
0.0501
0.0512
0.0744
0.1335
0.8635
0.8570
0.8539
0.7302
0.7168
0.0923
0.0736
0.0737
0.1273
0.8785
0.9135
0.1286
0.1014
0.0420
0.0415
0.0596
0.8481
0.8909
0.9364
0.9066
0.0668
0.0347
0.0326
0.0502
0.0855
0.8068
0.8366
0.1699
0.0937
0.1047
0.1129
0.8169
0.8806
0.8884
0.8580
0.1396
0.1321
0.7938
0.8390
0.8639
0.0796
0.0424
0.0380
0.0560
0.0999
0.1133
0.1466
0.1502
0.1230
0.8668
0.7978
0.0995
0.1082
0.0808
0.1122
0.1583
0.0989
0.0650
0.0640
0.0756
0.1039
0.1213
0.1146
0.1457
0.1978
0.1632
0.1417
0.1348
0.0827
0.0944
0.1239
0.7814
0.7651
0.1073
0.0693
0.0431
0.0357
0.0362
0.0352
0.0442
0.0707
0.8435
0.9070
0.9421
0.9361
0.8695
0.8279
0.8091
0.0620
0.0709
0.0449
0.0499
0.0311
0.0354
0.0697
0.0791
0.0499
0.0619
0.0505
0.0777
0.1287
0.7559
0.7311
0.1808
0.1682
0.1821
0.1716
0.3146
0.8251
0.8148
0.1394
0.0764
0.0567
0.0499
0.0478
0.0500
0.0619
0.1052
0.7824
0.8586
0.8166
0.8384
0.6897
0.0766
0.0598
0.0715
0.1349
0.8421
0.7928
0.6905
0.1036
0.0840
0.0953
0.1612
0.7967
0.7611
0.8171
0.1567
0.0974
0.0717
0.0819
0.1371
0.8524
0.1306
0.1099
0.1352
0.8426
0.8099
0.8694
0.8301
0.8618
0.0893
0.0537
0.0520
0.0788
0.0635
0.0774
0.1511
0.1669
0.8389
0.1563
0.1152
0.0989
0.1390
0.7972
0.8351
0.7088
0.6327
0.1050
0.1062
0.1537
0.1412
0.5944
0.6156
0.7296
0.1737
0.1572
0.7688
0.1250
0.1062
0.1085
0.7724
0.1285
0.1673
0.8604
0.8764
0.8582
0.8732
0.1228
0.0578
0.0403
0.0523
0.1287
0.8744
0.9162
0.9257
0.1004
0.0389
0.0340
0.0554
0.0664
0.8715
0.9120
0.9557
0.9537
0.0753
0.0346
0.0247
0.0356
0.0663
0.9385
0.0816
0.0420
0.0375
0.0543
0.0395
0.0471
0.0828
0.8913
0.1590
0.0953
0.0875
0.6409
0.1144
0.1274
0.6195
0.6461
0.1255
0.1053
0.1346
0.1320
0.7599
0.8573
0.8686
0.8176
0.2579
0.1345
0.7705
0.0638
0.0477
0.0514
0.0949
0.8974
0.9303
0.8870
0.0638
0.0376
0.0390
0.0640
0.7646
0.1328
0.2623
0.9056
0.9070
0.8871
0.1463
0.0920
0.0806
0.1158
0.6756
0.7200
0.7742
0.8118
0.8469
0.8290
0.8255
0.7517
0.7658
0.6963
0.7303
0.8280
0.8528
0.8400
0.8850
0.9008
0.8821
0.3329
0.2403
0.1499
0.1801
0.3869
