0.7928
0.7900
0.7442
0.7506
0.7847
0.8070
0.7491
0.7591
0.6744
0.6090
0.6103
0.6011
0.5703
0.2940
0.2283
0.1952
0.1845
0.1852
0.1964
0.2260
0.3097
0.6550
0.5967
0.5556
0.5267
0.2140
0.1873
0.1953
0.2528
0.3382
0.4064
0.3832
0.3944
0.3499
0.5916
0.3427
0.3608
0.2711
0.2019
0.1999
0.2686
0.2923
0.6842
0.7199
0.8026
0.8016
0.6956
0.1395
0.1183
0.0759
0.0747
0.0833
0.1044
0.1640
0.8656
0.2636
0.2758
0.3337
0.8547
0.8579
0.8201
0.7927
0.7760
0.7627
0.7509
0.7844
0.1860
0.2041
0.3103
0.9283
0.2531
0.1733
0.1205
0.0947
0.0752
0.0910
0.1627
0.8799
0.8601
0.8840
0.2787
0.1848
0.0782
0.0682
0.0966
0.7834
0.8187
0.1436
0.0809
0.0746
0.0903
0.7689
0.8350
0.9180
0.9172
0.0875
0.0481
0.0575
0.1226
0.8201
0.0571
0.0419
0.0482
0.0978
0.2490
0.8755
0.7834
0.7146
0.7361
0.7740
0.8181
0.8662
0.9094
0.9205
0.9144
0.8531
0.0788
0.0552
0.0455
0.0535
0.0886
0.0621
0.0429
0.0443
0.0669
0.1097
0.8607
0.1650
0.0972
0.0818
0.0849
0.0850
0.1052
0.1666
0.8369
0.2383
0.2674
0.1924
0.7685
0.0919
0.0739
0.0653
0.0674
0.1155
0.8802
0.8955
0.1857
0.1248
0.1248
0.1160
0.1631
0.3173
0.9055
0.8388
0.7687
0.1160
0.0970
0.1735
0.9005
0.8965
0.8198
0.7906
0.8328
0.1151
0.1208
0.2732
0.8984
0.8520
0.8074
0.7562
0.7542
0.0919
0.0919
0.0626
0.0940
0.1925
0.2854
0.8995
0.7588
0.0690
0.0694
0.1298
0.1594
0.1158
0.7729
0.7711
0.1971
0.1308
0.0905
0.1081
0.0714
0.0780
0.1112
0.6828
0.1324
0.1350
0.2166
0.7721
0.7514
0.1737
0.2399
0.2621
0.8479
0.8487
0.7342
0.1185
0.1151
0.1245
0.6328
0.6356
0.1695
0.1395
0.1524
0.5666
0.5976
0.6648
0.6982
0.7044
0.7010
0.7780
0.8391
0.8082
0.8499
0.8032
0.8259
0.6986
0.6289
0.1317
0.1124
0.1080
0.1236
0.1627
0.5834
0.5660
0.5796
0.1880
0.2160
0.1441
0.1435
0.2068
0.8309
0.1537
0.1237
0.7029
0.8223
0.1384
0.0945
0.0850
0.1532
0.1594
0.0796
0.0475
0.0517
0.0813
0.7422
0.7139
0.0779
0.0699
0.1169
0.8339
0.8987
0.9060
0.8884
0.2148
0.1406
0.7509
0.7198
0.1522
0.7362
0.7616
0.8710
0.1446
0.0805
0.0504
0.0355
0.0273
0.0300
0.0334
0.0350
0.0383
0.0575
0.9119
0.9177
0.0638
0.0344
0.0400
0.1268
0.9336
0.9399
0.9429
0.9499
0.9335
0.9037
0.0656
0.0423
0.0591
0.1187
0.9117
0.0356
0.0262
0.0330
0.0258
0.0316
0.0212
0.0232
0.0413
0.0512
0.1119
0.8560
0.8880
0.8749
0.2261
0.7559
0.7104
0.1553
0.2164
0.7650
0.8275
0.8848
0.8927
0.2745
0.1240
0.1254
0.8456
0.8726
0.1758
0.0751
0.0571
0.0780
0.0716
0.0710
0.0824
0.1127
0.0941
0.8497
0.1129
0.1292
0.8787
0.2109
0.0881
0.0716
0.0973
0.1715
0.8004
0.7974
0.6632
0.6300
0.6208
0.6826
0.8218
0.9084
0.9330
0.9342
0.8988
