0.7868
0.7897
0.7711
0.8044
0.7936
0.7723
0.7388
0.6042
0.2981
0.2948
0.3026
0.2954
0.2882
0.5190
0.3120
0.2953
0.3154
0.3690
0.3193
0.3197
0.5342
0.5611
0.3789
0.4003
0.3793
0.4078
0.3858
0.3778
0.4081
0.6914
0.7011
0.5929
0.3302
0.2588
0.2418
0.2672
0.3354
0.3490
0.4220
0.7193
0.4413
0.3028
0.2548
0.3009
0.2948
0.3672
0.3502
0.2458
0.5785
0.1902
0.2362
0.2609
0.8555
0.3170
0.1171
0.0784
0.0831
0.1171
0.0830
0.0688
0.0508
0.0433
0.0414
0.0444
0.0604
0.6633
0.0731
0.0702
0.1189
0.1828
0.8781
0.9209
0.9295
0.9280
0.9221
0.9094
0.9364
0.9386
0.8729
0.0573
0.0400
0.0288
0.0251
0.0233
0.0235
0.0276
0.0422
0.0934
0.8885
0.8798
0.1693
0.1421
0.7568
0.7979
0.8346
0.8430
0.7303
0.1464
0.2112
0.8733
0.8958
0.9019
0.9190
0.9240
0.9183
0.2076
0.0748
0.0475
0.0339
0.0320
0.0352
0.0458
0.0564
0.0829
0.1102
0.6381
0.1406
0.1682
0.2155
0.2943
0.7086
0.6033
0.5565
0.2454
0.2291
0.2406
0.2463
0.2768
0.3024
0.3795
0.6126
0.6355
0.6681
0.7683
0.7809
0.7112
0.7402
0.2848
0.1735
0.1536
0.1840
0.2887
0.2949
0.1868
0.1914
0.3162
0.3802
0.7374
0.7529
0.1655
0.1209
0.1605
0.3078
0.8687
0.8852
0.8724
0.3177
0.1720
0.1439
0.6662
0.6882
0.7239
0.7044
0.1732
0.1807
0.1594
0.7186
0.8157
0.8265
0.3745
0.2450
0.1056
0.1059
0.5924
0.6272
0.1773
0.1552
0.1592
0.2688
0.7793
0.8295
0.8155
0.8141
0.8313
0.8125
0.7384
0.7368
0.6745
0.7018
0.8017
0.8265
0.7969
0.7636
0.6292
0.6139
0.3535
0.2420
0.2104
0.1902
0.2101
0.2977
0.3177
0.7363
0.6939
0.6376
0.6864
0.6458
0.7068
0.8314
0.8654
0.8592
0.2736
0.1216
0.0690
0.0617
0.0772
0.1435
0.8629
0.8246
0.1673
0.1291
0.0605
0.0595
0.1165
0.8995
0.9036
0.8464
0.8652
0.0714
0.0470
0.0554
0.0662
0.0352
0.0318
0.0477
0.0459
0.0997
0.8797
0.9050
0.9486
0.9523
0.9305
0.1155
0.0698
0.8308
0.0441
0.0291
0.0234
0.0249
0.0266
0.0372
0.0734
0.8355
0.8692
0.0773
0.0452
0.0478
0.0971
0.2717
0.9093
0.9017
0.8825
0.8304
0.8108
0.8734
0.8874
0.8723
0.8080
0.8330
0.7662
0.7069
0.7485
0.1213
0.1166
0.0574
0.0483
0.0490
0.0816
0.9283
0.2295
0.1376
0.9247
0.0558
0.0274
0.0269
0.0550
0.1787
0.9384
0.9254
0.9113
0.8886
0.0934
0.0791
0.0443
0.0606
0.0967
0.8362
0.0720
0.1039
0.8851
0.0880
0.1000
0.2250
0.9354
0.0915
0.0501
0.0299
0.0254
0.0256
0.0303
0.0444
0.1034
0.1697
0.9049
0.8761
0.7238
0.0942
0.0805
0.0752
0.0980
0.1715
0.1680
0.2055
0.6480
0.1733
0.1517
0.6572
0.2320
0.2831
0.1442
0.0688
0.0495
0.0463
0.0452
0.0629
0.1527
0.9047
0.9050
0.8739
0.9029
0.9088
0.8982
0.8434
0.8604
0.7298
0.0634
0.0477
0.0515
0.0858
0.0867
0.0933
0.1713
0.2244
0.2909
0.7245
0.1388
0.1246
0.1234
0.1315
0.1429
0.1632
0.6947
0.8314
0.8511
0.1784
0.1197
0.0948
0.1102
0.0652
0.0561
0.0662
0.1061
0.0874
0.7093
0.0874
0.0994
0.1626
0.8371
0.8953
0.9036
0.8810
0.8719
0.8152
0.8318
0.7818
0.8123
0.8811
0.8963
0.3774
0.2939
0.2309
0.8360
0.7686
0.7523
0.8154
0.7893
0.8447
0.8135
0.1358
0.0693
0.0599
0.0772
0.1406
0.1203
0.7220
0.6985
0.1180
0.1567
0.3785
0.9044
0.8421
0.7512
0.7188
0.7400
0.1335
0.1734
0.8693
0.9173
0.9228
0.9047
0.9270
0.9253
0.8645
0.0495
0.0311
0.0325
0.0439
0.1031
0.9072
0.9194
0.8643
0.7507
0.0635
0.0473
0.0395
0.0479
0.0888
0.1992
0.8745
0.9039
0.8938
0.1503
0.1021
0.0752
0.0610
0.0669
0.0972
0.1510
0.2996
0.8027
0.2935
0.6843
0.7447
0.7610
0.3689
0.4193
0.4174
0.3581
0.7396
0.3055
0.2109
0.1522
0.1587
0.2314
0.4362
0.8239
0.8292
0.7675
0.5786
0.1644
0.1527
0.5824
0.6160
0.1781
0.1857
0.1939
0.1072
0.1055
0.6809
0.8076
0.8164
0.8828
0.8779
0.0733
0.0402
0.0361
0.0480
0.0357
0.0395
0.0716
0.0613
0.0803
0.0445
0.0470
0.7607
0.0539
0.0542
0.0976
0.9072
0.8797
0.8985
0.9140
0.9470
0.9400
0.0808
0.0426
0.0477
0.8573
0.0542
0.0550
0.0518
0.0505
0.0680
0.7912
0.0657
0.0646
0.0565
0.0491
0.0580
0.0998
0.7792
0.8519
0.8256
0.7808
0.8180
0.1135
0.0879
0.1188
0.1768
0.1344
0.6549
0.6004
0.1464
0.2168
0.8315
0.8401
0.7826
0.2197
0.1083
0.1035
0.1265
0.7970
0.2853
0.3439
0.8514
0.8850
0.8959
0.8843
0.2262
0.1902
0.8217
0.2531
0.2540
0.1394
0.1391
0.6782
0.1371
0.1626
0.0995
0.0966
0.7147
0.1733
0.1224
0.7498
0.1593
0.1332
0.2375
0.9022
0.9036
0.8839
0.8053
0.8034
0.8835
0.2615
0.1365
0.1423
0.8167
0.0903
0.0757
0.0589
0.0611
0.0774
0.1023
0.6507
0.7265
0.8164
0.8001
0.8532
0.8406
0.7512
0.1036
0.0681
0.0675
0.6984
0.0601
0.0505
0.0683
0.1886
0.2628
0.9211
0.0421
0.0222
0.0175
0.0183
0.0269
0.0723
0.9409
0.9655
0.9432
0.0515
0.0275
0.0239
0.0240
0.0329
0.0570
0.8426
0.0798
0.0627
0.0487
0.0610
0.1105
0.8151
0.7835
0.1083
0.0827
0.0839
0.0753
0.0712
0.0807
0.0870
0.7409
0.1430
0.1599
0.8087
0.3151
0.8328
0.8528
0.8209
0.8552
0.8290
0.2417
0.8224
0.2867
0.2808
0.7623
0.1010
0.1214
0.0811
0.0933
0.7064
0.1470
0.1370
0.1830
0.1529
0.1928
0.1705
0.2527
0.7703
0.8069
0.8102
0.7733
0.6700
0.5894
0.5898
0.5776
0.2373
0.2015
0.2346
0.3766
0.7773
0.7846
0.7471
0.1983
0.1139
0.1099
0.1747
0.8281
0.8620
0.8376
0.8669
0.8636
0.8316
0.8611
0.8574
0.8192
0.8390
0.7873
0.1876
0.1426
0.1681
0.2840
0.7717
0.7773
0.4288
0.2792
0.2224
0.1974
0.2249
0.2633
0.3715
0.6404
0.6678
0.7262
0.7207
0.4044
0.4587
0.4810
0.7729
0.3431
0.2218
0.1947
0.1689
0.5355
0.1317
0.0937
0.0804
0.0849
0.0828
0.0980
0.0482
0.0335
0.0313
0.0382
0.0512
0.0870
0.9245
0.9494
0.9511
0.1516
0.1553
0.0931
0.0332
0.0253
0.0261
0.0309
0.0309
0.0341
0.0473
0.0965
0.2987
0.9048
0.8874
0.8780
0.3330
0.1386
0.1100
0.1677
0.8729
0.1211
0.0767
0.0547
0.0609
0.1027
0.8481
0.8202
0.8729
0.3686
0.2966
0.1683
0.0856
0.1267
0.8754
0.8759
0.8907
0.8653
0.8944
0.8896
0.8456
0.8142
0.8573
0.8958
0.8930
0.8533
0.8760
0.8608
0.8990
0.8821
0.0879
0.0619
0.0762
0.1005
0.1081
0.7331
0.0730
0.0614
0.0729
0.1366
0.1387
0.1898
0.1185
0.1042
0.1154
0.1138
0.1222
0.1438
0.1572
0.2038
0.3427
0.6969
0.7623
0.7807
0.7550
0.8060
0.8132
0.7765
0.1938
0.1149
0.1160
0.1939
0.2035
0.1437
0.7785
0.8714
0.8962
0.8830
0.8308
0.2004
0.1493
0.1165
0.0989
0.1069
0.1423
0.5896
0.6549
0.6090
0.6095
0.6698
0.6239
0.6623
0.7709
0.7862
0.7344
0.2576
0.2669
0.2091
0.1113
0.0753
0.1047
0.1167
0.8875
0.8686
0.9023
0.8890
0.8177
0.8351
0.9013
0.8943
0.0867
0.0569
0.0507
0.0804
0.0889
0.1083
0.1514
0.1624
0.2630
0.3162
0.3063
0.4179
0.8839
0.8726
