0.7994
0.7988
0.7651
0.7969
0.7661
0.8008
0.2990
0.3088
0.2383
0.2856
0.6586
0.1844
0.6420
0.1304
0.1064
0.1123
0.1339
0.7247
0.2915
0.1930
0.1486
0.6541
0.6864
0.7356
0.7419
0.7561
0.1339
0.0925
0.0928
0.0997
0.1354
0.1021
0.1194
0.6387
0.1959
0.6092
0.1945
0.1651
0.1677
0.1728
0.1945
0.2172
0.2430
0.3244
0.3285
0.6953
0.6422
0.5724
0.5734
0.5615
0.1793
0.1314
0.1297
0.1836
0.3217
0.8499
0.8475
0.2636
0.1855
0.5876
0.1881
0.6209
0.6744
0.7912
0.8625
0.8521
0.7323
0.2268
0.7686
0.1327
0.1256
0.6298
0.7225
0.3462
0.2940
0.1321
0.1118
0.1466
0.6635
0.2691
0.6440
0.1790
0.1286
0.1208
0.1542
0.2198
0.8182
0.3129
0.1539
0.1368
0.1381
0.6516
0.1206
0.1180
0.1834
0.7276
0.2750
0.8406
0.8158
0.7880
0.7404
0.6875
0.6858
0.2185
0.8375
0.1331
0.0765
0.0819
0.7587
0.2129
0.1944
0.0983
0.1081
0.7275
0.8112
0.2727
0.1862
0.0846
0.0945
0.1828
0.7803
0.2707
0.1672
0.1264
0.6184
0.0965
0.0712
0.0618
0.0685
0.1075
0.7634
0.8601
0.8655
0.9112
0.9211
0.2561
0.0750
0.0475
0.0529
0.0816
0.7257
0.1591
0.2243
0.8249
0.8155
0.1773
0.1186
0.1205
0.5851
0.1310
0.6368
0.1261
0.1665
0.1333
0.1049
0.1363
0.1102
0.6990
0.7556
0.8075
0.8884
0.8892
0.1057
0.0675
0.0615
0.1054
0.1129
0.1394
0.8821
0.2007
0.7048
0.0734
0.0594
0.0600
0.0804
0.1406
0.2582
0.3821
0.2977
0.1976
0.1552
0.1457
0.1481
0.1572
0.1443
0.1426
0.1669
0.5825
0.7016
0.7928
0.7494
0.7888
0.7369
0.2765
0.1267
0.0832
0.0722
0.0617
0.0665
0.1003
0.1821
0.2297
0.9112
0.9117
0.1347
0.0515
0.0398
0.0446
0.0636
0.7110
0.0846
0.1098
0.2036
0.8683
0.8988
0.1313
0.1160
0.0508
0.0270
0.0232
0.0286
0.0550
0.8181
0.8799
0.9350
0.9425
0.9404
0.2751
0.0723
0.0676
0.8124
0.8438
0.8733
0.9019
0.0849
0.0631
0.1031
0.9057
0.9412
0.1274
0.0355
0.0284
0.0564
0.1503
0.9287
0.1104
0.0733
0.7645
0.1047
0.1704
0.2042
0.9142
0.9173
0.2095
0.0669
0.0496
0.0681
0.1421
0.7470
0.7164
0.6984
0.1149
0.1404
0.1741
0.0982
0.0818
0.0598
0.0563
0.0670
0.1121
0.8606
0.8440
0.1259
0.0672
0.0614
0.0894
0.0628
0.0687
0.0873
0.7749
0.7711
0.8286
0.9046
0.9108
0.8500
0.8323
0.7945
0.0855
0.0926
0.0474
0.0411
0.0401
0.0580
0.1353
0.8190
0.8099
0.8851
0.8776
0.7514
0.0828
0.0532
0.0550
0.0946
0.2733
0.8738
0.7694
0.6582
0.6259
0.6531
0.7293
0.8061
0.7830
0.8443
0.9036
0.3127
0.0990
0.0365
0.0263
0.0298
0.0540
0.1959
0.9297
0.8883
0.8435
0.8720
0.8561
0.9014
0.9043
0.8575
0.7674
0.0791
0.0484
0.0379
0.0378
0.0428
0.0583
0.1066
0.7648
0.8365
0.8299
0.3588
0.3029
0.1759
0.1714
0.2316
0.6388
0.1983
0.1556
0.1328
0.1183
0.1066
0.0976
0.1013
0.1932
0.7746
0.8351
