0.8549
0.8950
0.8586
0.8142
0.8303
0.7780
0.3395
0.2346
0.2293
0.2764
0.5340
0.2615
0.2355
0.2269
0.2442
0.2928
0.3823
0.3347
0.2617
0.2525
0.2987
0.4149
0.7304
0.7346
0.4436
0.4318
0.4056
0.6426
0.3778
0.3228
0.3598
0.6740
0.6869
0.5877
0.5616
0.5530
0.5903
0.6931
0.7088
0.6208
0.6357
0.4134
0.3473
0.1755
0.1419
0.1752
0.6480
0.6836
0.6438
0.5943
0.1377
0.1124
0.1261
0.1914
0.3022
0.7487
0.3185
0.2536
0.5503
0.1763
0.1415
0.1409
0.1778
0.2845
0.6776
0.6491
0.6439
0.6349
0.1378
0.0921
0.0851
0.1144
0.2368
0.8476
0.4273
0.2300
0.1663
0.1424
0.1360
0.1384
0.1334
0.1504
0.2306
0.8349
0.8618
0.2322
0.1338
0.1258
0.1262
0.6976
0.1179
0.0834
0.0723
0.0688
0.0541
0.0445
0.0417
0.0453
0.0421
0.0356
0.0422
0.0951
0.9062
0.9273
0.9126
0.9125
0.8954
0.1085
0.0662
0.0359
0.0396
0.0594
0.1388
0.9085
0.9439
0.9521
0.9422
0.0996
0.0459
0.0508
0.0352
0.0413
0.0614
0.7828
0.8549
0.9091
0.9133
0.8923
0.8725
0.0812
0.0489
0.0539
0.0967
0.8157
0.7959
0.1529
0.1634
0.1067
0.0944
0.1730
0.8094
0.8280
0.1652
0.1310
0.7440
0.7440
0.7843
0.7984
0.8485
0.9153
0.9298
0.9191
0.1515
0.1795
0.9018
0.0896
0.0847
0.0861
0.0422
0.0218
0.0169
0.0167
0.0189
0.0249
0.0410
0.0324
0.0387
0.0709
0.9433
0.1092
0.0480
0.0335
0.0308
0.0310
0.0319
0.0329
0.0347
0.0402
0.0531
0.0875
0.1337
0.0831
0.0827
0.1377
0.1494
0.1657
0.8492
0.0991
0.0898
0.1438
0.8619
0.7971
0.1099
0.0665
0.0397
0.0323
0.0311
0.0275
0.0311
0.0543
0.8489
0.9177
0.9525
0.9564
0.9466
0.8771
0.7626
0.0374
0.0298
0.0381
0.0547
0.0363
0.0431
0.0924
0.0893
0.0404
0.0386
0.0600
0.7475
0.8181
0.7666
0.1392
0.1668
0.1031
0.0772
0.0924
0.1679
0.7977
0.8247
0.1392
0.0781
0.0643
0.0535
0.0540
0.0684
0.0943
0.7591
0.7636
0.8326
0.7774
0.8072
0.7271
0.7492
0.8323
0.8121
0.1356
0.1536
0.1003
0.0813
0.1076
0.0815
0.1054
0.6793
0.7755
0.7521
0.8184
0.1495
0.0861
0.0574
0.0580
0.0827
0.8615
0.1087
0.0970
0.1253
0.8935
0.8775
0.9194
0.8983
0.9148
0.0735
0.0347
0.0257
0.0264
0.0329
0.0519
0.1248
0.1555
0.8788
0.1473
0.0988
0.0786
0.1134
0.8424
0.8763
0.7741
0.6906
0.1083
0.1078
0.1597
0.1451
0.6287
0.6365
0.7083
0.1908
0.1691
0.2204
0.1627
0.1602
0.1550
0.5242
0.2042
0.2756
0.7063
0.7449
0.7252
0.7201
0.6471
0.1767
0.1068
0.1062
0.1936
0.7937
0.8726
0.8861
0.1476
0.0498
0.0337
0.0356
0.0619
0.8519
0.9379
0.9464
0.9201
0.0977
0.0514
0.0510
0.0787
0.1281
0.8533
0.1869
0.1193
0.1151
0.1685
0.1613
0.2335
0.4203
0.7545
0.3414
0.2166
0.1796
0.1766
0.1899
0.2267
0.5297
0.5440
0.5548
0.3514
0.2656
0.2560
0.2983
0.6581
0.6721
0.7198
0.8310
0.8734
0.8405
