0.8523
0.8847
0.8728
0.8820
0.8668
0.8522
0.8231
0.2271
0.1359
0.1319
0.1631
0.6940
0.8194
0.8349
0.8400
0.2373
0.2069
0.1365
0.1620
0.5484
0.6345
0.5928
0.6118
0.2953
0.2626
0.3100
0.2302
0.1672
0.1706
0.2257
0.1690
0.1571
0.1606
0.6023
0.6530
0.7354
0.7996
0.2941
0.2762
0.2487
0.7061
0.6916
0.7675
0.7573
0.7597
0.2046
0.1384
0.1151
0.1310
0.1648
0.6648
0.7233
0.7687
0.8059
0.8426
0.8309
0.8393
0.8117
0.8153
0.8470
0.8911
0.2944
0.1818
0.0941
0.1094
0.0870
0.0822
0.0912
0.0652
0.0697
0.0892
0.1317
0.1510
0.1635
0.1956
0.9339
0.2834
0.2286
0.1413
0.0605
0.0690
0.7897
0.8229
0.8843
0.9154
0.9253
0.0767
0.0396
0.0380
0.0479
0.0675
0.8483
0.1077
0.0837
0.0740
0.0916
0.1412
0.1617
0.1489
0.8163
0.2405
0.3076
0.8449
0.8596
0.8250
0.6937
0.6731
0.7568
0.8467
0.3329
0.1324
0.0912
0.0754
0.0862
0.1053
0.1400
0.7616
0.7781
0.8601
0.8743
0.8521
0.8638
0.2601
0.1603
0.0699
0.0703
0.1151
0.1364
0.2320
0.8175
0.2890
0.1835
0.1754
0.1908
0.6378
0.6999
0.7560
0.8110
0.3945
0.3518
0.2900
0.4125
0.7963
0.7184
0.6591
0.2383
0.1954
0.2480
0.8344
0.4785
0.3135
0.1178
0.0824
0.0854
0.1030
0.1851
0.2700
0.8539
0.8321
0.8313
0.8556
0.8562
0.2078
0.1423
0.0997
0.1773
0.8986
0.8946
0.1487
0.0903
0.1243
0.1458
0.1679
0.8810
0.9206
0.9333
0.9302
0.1998
0.0798
0.0493
0.0507
0.1019
0.8038
0.8352
0.8914
0.1941
0.0794
0.0733
0.1034
0.8374
0.8265
0.2326
0.1363
0.0451
0.0337
0.0333
0.0543
0.1640
0.9429
0.2041
0.0926
0.1047
0.8059
0.0659
0.0934
0.1851
0.8804
0.8882
0.9075
0.9169
0.9195
0.1112
0.0664
0.0256
0.0238
0.0326
0.0851
0.9345
0.8639
0.0652
0.0447
0.0344
0.0440
0.0323
0.0367
0.0468
0.0675
0.1367
0.1438
0.0670
0.0334
0.0200
0.0177
0.0197
0.0201
0.0187
0.0249
0.0356
0.0493
0.0344
0.0333
0.0766
0.1713
0.9435
0.9560
0.9432
0.9342
0.9286
0.9386
0.0725
0.0346
0.0236
0.0321
0.0294
0.0282
0.0175
0.0214
0.0494
0.0634
0.0422
0.7456
0.0613
0.1144
0.1356
0.0981
0.0826
0.0882
0.7794
0.7526
0.7164
0.7135
0.7525
0.2101
0.1676
0.1373
0.1188
0.0566
0.0514
0.0712
0.0955
0.7367
0.1352
0.1380
0.1968
0.1553
0.1246
0.1507
0.2718
0.3239
0.7751
0.3203
0.3865
0.3460
0.2610
0.3283
0.7880
0.8063
0.2566
0.0970
0.0614
0.0564
0.0677
0.0676
0.0520
0.0490
0.0433
0.0517
0.0964
0.8846
0.8607
0.8416
0.8330
0.8497
0.9099
0.9272
0.9288
0.9130
0.8141
0.7105
0.0453
0.0355
0.0410
0.0790
0.0983
0.1833
0.8733
0.1134
0.0989
0.0400
0.0310
0.0388
0.0900
0.9228
0.9365
0.9157
0.8996
0.8307
0.8308
0.8506
0.9082
0.8930
0.0650
0.0357
0.0340
0.0480
0.0779
0.1365
0.8524
0.8535
0.2014
0.0805
0.0562
0.0573
0.0718
0.0858
0.1064
0.2794
0.8786
0.8766
