0.5007
0.6074
0.2780
0.2514
0.2031
0.2026
0.2422
0.3474
0.4515
0.6770
0.6974
0.6304
0.6198
0.3602
0.5138
0.3112
0.2879
0.3013
0.5124
0.3391
0.3679
0.6203
0.3862
0.2929
0.2511
0.2493
0.2654
0.2643
0.2732
0.2662
0.2791
0.3371
0.5762
0.4082
0.3272
0.3090
0.5418
0.2857
0.2406
0.2250
0.1982
0.1841
0.1599
0.1572
0.1986
0.6228
0.7345
0.3611
0.7664
0.2622
0.1843
0.6570
0.1338
0.0828
0.0764
0.1160
0.7562
0.8505
0.8954
0.8865
0.8028
0.7503
0.1014
0.0633
0.0562
0.0664
0.1088
0.2595
0.8579
0.2796
0.6877
0.7216
0.1655
0.1301
0.1713
0.6573
0.8196
0.8241
0.6757
0.1816
0.1240
0.1104
0.1173
0.1229
0.1643
0.8274
0.2420
0.1503
0.1189
0.1555
0.1344
0.7843
0.1254
0.0782
0.0828
0.1434
0.8745
0.8387
0.1153
0.0713
0.0945
0.7805
0.8833
0.9348
0.9406
0.9112
0.8153
0.0528
0.0314
0.0260
0.0266
0.0332
0.0565
0.1370
0.8272
0.7907
0.0905
0.0657
0.0601
0.0925
0.2333
0.8451
0.6978
0.6919
0.7903
0.1617
0.1284
0.6804
0.0859
0.0853
0.1339
0.1079
0.1025
0.7804
0.8600
0.8647
0.9127
0.9152
0.1205
0.0959
0.0446
0.0311
0.0364
0.0647
0.0846
0.7965
0.8856
0.8956
0.1049
0.0585
0.0404
0.0408
0.0526
0.0841
0.8069
0.1268
0.1072
0.0977
0.1388
0.1123
0.7040
0.7508
0.8014
0.8801
0.8746
0.1106
0.0764
0.0759
0.1418
0.1763
0.7768
0.8299
0.7655
0.6642
0.0813
0.0565
0.0529
0.0685
0.1416
0.8643
0.8875
0.8314
0.7485
0.7551
0.7432
0.7791
0.1619
0.0703
0.0494
0.0538
0.0837
0.7316
0.8295
0.8249
0.2776
0.1638
0.1649
0.0995
0.0966
0.6490
0.1087
0.1133
0.1598
0.2819
0.3296
0.8364
0.8216
0.7407
0.1155
0.0660
0.0508
0.0457
0.0458
0.0570
0.1029
0.8570
0.8527
0.8933
0.8628
0.7009
0.0795
0.0662
0.0952
0.2321
0.8786
0.1220
0.1081
0.7304
0.8321
0.1382
0.1142
0.0960
0.0990
0.7574
0.7723
0.8083
0.8640
0.1105
0.0837
0.1215
0.1160
0.7486
0.8101
0.1351
0.1212
0.6743
0.7349
0.8557
0.1652
0.0788
0.0660
0.0945
0.7400
0.8154
0.9054
0.9177
0.8969
0.1219
0.0661
0.0586
0.0654
0.0805
0.1101
0.1331
0.6127
0.6487
0.2158
0.1160
0.0879
0.0624
0.0424
0.0381
0.0471
0.0963
0.1312
0.8800
0.8807
0.9303
0.9245
0.0874
0.0489
0.0369
0.0470
0.0671
0.7932
0.2495
0.2650
0.1466
0.1523
0.6276
0.6346
0.7305
0.6747
0.6868
0.7097
0.1512
0.1578
0.1115
0.1063
0.2145
0.9256
0.0594
0.0327
0.0316
0.0403
0.1009
0.9402
0.9448
0.8942
0.8008
0.7370
0.0738
0.0799
0.1061
0.1022
0.1997
0.8989
0.8884
0.1603
0.0730
0.0578
0.0680
0.0825
0.1302
0.2626
0.7162
0.2588
0.2853
0.1993
0.2077
0.2965
0.4355
0.6913
0.3390
0.2883
0.5134
0.2445
0.2380
0.2533
0.5339
0.3576
0.6096
0.6802
0.6978
0.4225
0.4021
0.2819
0.2465
0.2785
0.2830
0.2556
0.5003
0.2562
0.4861
0.4821
0.5002
0.5421
0.6476
0.8011
0.8286
