0.8383
0.8897
0.9058
0.8769
0.7411
0.6068
0.2169
0.2008
0.5441
0.5369
0.1724
0.1421
0.1563
0.2630
0.7916
0.8035
0.8000
0.8005
0.6908
0.6880
0.7602
0.1253
0.0863
0.0915
0.1681
0.7858
0.7987
0.2866
0.2897
0.6793
0.7794
0.8477
0.8607
0.8459
0.7931
0.6620
0.6196
0.6540
0.7598
0.7812
0.4727
0.3630
0.3442
0.6044
0.5684
0.5736
0.3655
0.3409
0.3635
0.2813
0.2559
0.2819
0.5246
0.3199
0.3062
0.2860
0.2976
0.3392
0.4053
0.5690
0.5536
0.3861
0.5991
0.3554
0.3344
0.3646
0.4002
0.3624
0.3704
0.3085
0.3307
0.5924
0.3513
0.5274
0.5294
0.5473
0.5491
0.5743
0.5929
0.6118
0.6870
0.7706
0.7863
0.4614
0.3785
0.2194
0.1586
0.2107
0.7769
0.7784
0.7277
0.6515
0.6344
0.6429
0.6632
0.6664
0.1417
0.1297
0.1825
0.1699
0.1574
0.1826
0.7566
0.2086
0.1796
0.2243
0.3100
0.6608
0.5859
0.5437
0.2894
0.2677
0.2898
0.3095
0.3116
0.3561
0.3640
0.2453
0.2087
0.2266
0.3068
0.3931
0.3753
0.6418
0.6780
0.5697
0.5375
0.1858
0.1975
0.6357
0.7486
0.8331
0.3700
0.2720
0.1324
0.1344
0.6929
0.6780
0.6724
0.6698
0.1201
0.0859
0.0959
0.2019
0.9085
0.8981
0.0883
0.0480
0.0519
0.0665
0.0798
0.0585
0.0928
0.8974
0.8995
0.9078
0.1181
0.0669
0.0819
0.0622
0.0294
0.0264
0.0415
0.0438
0.0542
0.0883
0.9269
0.0591
0.0449
0.0476
0.1080
0.8585
0.8658
0.8989
0.9381
0.9450
0.9396
0.9252
0.8932
0.9098
0.9045
0.9118
0.9233
0.9219
0.0795
0.0427
0.0455
0.0437
0.0554
0.0676
0.0863
0.1046
0.9126
0.0643
0.0528
0.0816
0.7964
0.8370
0.7444
0.7132
0.1257
0.1411
0.2703
0.8901
0.0979
0.0589
0.0621
0.0759
0.7926
0.1727
0.1011
0.0933
0.7224
0.7471
0.1689
0.1069
0.1177
0.2566
0.8889
0.7723
0.7335
0.0656
0.0515
0.0692
0.1249
0.1610
0.1730
0.9282
0.9366
0.2318
0.0783
0.0326
0.0258
0.0275
0.0382
0.0769
0.1831
0.8513
0.8752
0.8698
0.8287
0.1616
0.0980
0.0820
0.1260
0.2638
0.9061
0.9115
0.9063
0.1992
0.1532
0.1117
0.1910
0.2838
0.8280
0.8526
0.8579
0.8713
0.8460
0.7638
0.7722
0.8518
0.8661
0.8515
0.2417
0.2120
0.1539
0.2356
0.8635
0.8102
0.8446
0.7816
0.7305
0.7751
0.8644
0.8819
0.8594
0.8887
0.8857
0.2921
0.1379
0.1366
0.1825
0.7574
0.6981
0.2709
0.3755
0.3248
0.1725
0.1399
0.5185
0.1145
0.1035
0.1415
0.1397
0.1428
0.1743
0.8496
0.7851
0.1395
0.1293
0.0931
0.1829
0.9164
0.9295
0.9277
0.9158
0.8846
0.7931
0.7773
0.8376
0.2316
0.1326
0.1529
0.2392
0.7236
0.7440
0.2111
0.2205
0.1422
0.1447
0.1621
0.2373
0.6691
0.6423
0.6321
0.6378
0.6633
0.7037
0.6996
0.6531
0.3911
0.3853
0.2763
0.2526
0.5266
0.2712
0.5263
0.2568
0.2253
0.2219
0.2572
0.3372
0.2565
0.1828
0.1683
0.2067
0.6422
0.7053
0.6760
0.7101
0.6646
0.6825
0.5790
0.2070
0.1616
0.1514
0.1531
0.1620
0.1829
0.2388
0.2932
0.3955
0.6126
0.2257
0.1978
0.2960
0.7656
0.8787
0.8619
