0.8200
0.8403
0.7907
0.3949
0.3448
0.2739
0.2414
0.2817
0.3913
0.3837
0.3591
0.5485
0.3202
0.5437
0.2507
0.2080
0.1944
0.1938
0.2443
0.4099
0.8064
0.8080
0.3423
0.3270
0.7021
0.2005
0.0974
0.0778
0.0957
0.1843
0.3070
0.8696
0.8606
0.7950
0.8158
0.2204
0.2042
0.1516
0.7101
0.7464
0.7281
0.1337
0.1185
0.1387
0.8064
0.2643
0.1447
0.0743
0.0631
0.0763
0.1179
0.6114
0.1988
0.1912
0.5676
0.2668
0.2973
0.6652
0.2962
0.2278
0.2107
0.1911
0.1914
0.2240
0.5553
0.5796
0.5597
0.5546
0.5828
0.6130
0.7067
0.6855
0.7598
0.2660
0.1763
0.6511
0.1304
0.0820
0.0754
0.1102
0.7580
0.8548
0.9033
0.8966
0.8143
0.7667
0.0777
0.0466
0.0380
0.0410
0.0617
0.1432
0.1693
0.0927
0.0858
0.1227
0.0991
0.1134
0.1651
0.2523
0.8456
0.4526
0.2133
0.1402
0.1329
0.1563
0.1752
0.6641
0.1792
0.1561
0.2043
0.1900
0.1851
0.1921
0.1367
0.7574
0.1128
0.0740
0.0835
0.1515
0.8638
0.2485
0.3167
0.8277
0.8019
0.8022
0.8596
0.8261
0.8395
0.1093
0.0501
0.0360
0.0376
0.0563
0.1229
0.8062
0.7941
0.1171
0.1259
0.1681
0.1555
0.1009
0.0955
0.1780
0.7487
0.8044
0.2030
0.1727
0.6393
0.6221
0.0918
0.0674
0.0697
0.1094
0.7732
0.8605
0.8646
0.9065
0.9116
0.2329
0.0776
0.0633
0.1055
0.8343
0.8253
0.1668
0.2003
0.8493
0.8319
0.7006
0.0850
0.0593
0.0434
0.0390
0.0423
0.0590
0.1280
0.1647
0.8091
0.8316
0.7388
0.7219
0.7783
0.8355
0.9148
0.9192
0.0904
0.0475
0.0321
0.0331
0.0463
0.0664
0.1324
0.0958
0.0569
0.0409
0.0371
0.0394
0.0530
0.1110
0.8810
0.9074
0.8915
0.8805
0.7771
0.7500
0.7531
0.0625
0.0399
0.0338
0.0389
0.0594
0.1334
0.8615
0.8278
0.3376
0.2355
0.8524
0.7505
0.0779
0.0641
0.0671
0.1313
0.2028
0.9263
0.9089
0.9362
0.2496
0.0942
0.0416
0.0413
0.0605
0.6706
0.6607
0.1402
0.2184
0.8385
0.8201
0.8699
0.4134
0.2902
0.1194
0.0963
0.1080
0.1404
0.5563
0.2064
0.3091
0.7776
0.8046
0.7808
0.2367
0.1345
0.1268
0.5755
0.5969
0.6416
0.7172
0.1923
0.1382
0.1355
0.5779
0.1726
0.2132
0.1533
0.1526
0.2018
0.3577
0.3881
0.2573
0.1724
0.1717
0.2500
0.2720
0.3367
0.7903
0.8137
0.4057
0.6022
0.1129
0.0836
0.0763
0.0827
0.6295
0.0982
0.0937
0.1433
0.2180
0.8097
0.0890
0.0533
0.0463
0.0569
0.1058
0.8981
0.8610
0.0787
0.0485
0.0503
0.0819
0.0596
0.0664
0.0884
0.8168
0.8107
0.8598
0.9211
0.9251
0.8751
0.8630
0.8351
0.0827
0.0859
0.0387
0.0302
0.0261
0.0330
0.0578
0.7637
0.8109
0.8961
0.8916
0.7697
0.0738
0.0463
0.0484
0.0853
0.2392
0.9180
0.1558
0.0612
0.0449
0.0540
0.0957
0.8778
0.1617
0.2637
0.9222
0.9170
0.8685
0.0692
0.0419
0.0453
0.0710
0.8370
0.9006
0.8785
0.8462
0.8676
0.7841
0.1026
0.1355
0.1047
0.1079
0.8154
0.8167
0.1424
0.0571
0.0361
0.0349
0.0479
0.0798
0.2009
0.9005
0.2715
0.2317
0.1334
0.1467
0.6831
0.6458
0.5863
0.1621
0.1244
0.1120
0.1286
0.5341
0.2322
0.6977
0.8417
0.8557
