0.7676
0.7449
0.6991
0.7414
0.8501
0.8781
0.8577
0.8392
0.7448
0.2516
0.1520
0.1343
0.1730
0.6535
0.8170
0.8444
0.2582
0.1092
0.0777
0.0786
0.1190
0.7546
0.8875
0.9147
0.8874
0.1263
0.0691
0.0663
0.0950
0.1549
0.7461
0.2145
0.1809
0.2109
0.3024
0.2953
0.3093
0.5599
0.6291
0.3383
0.2632
0.2329
0.2274
0.2346
0.2670
0.5013
0.5264
0.5088
0.4877
0.2710
0.2577
0.3039
0.4151
0.7032
0.6882
0.7265
0.4397
0.3176
0.2575
0.2179
0.2048
0.2025
0.2028
0.1744
0.1530
0.1525
0.1990
0.6805
0.7042
0.7035
0.7871
0.8551
0.8676
0.8251
0.1904
0.1267
0.1348
0.1960
0.2295
0.6328
0.2117
0.1588
0.1542
0.2015
0.2270
0.1237
0.0968
0.1205
0.6610
0.7589
0.2162
0.2348
0.8145
0.8101
0.2878
0.7324
0.8169
0.8214
0.7137
0.2700
0.7331
0.7769
0.1783
0.1632
0.7332
0.8250
0.8753
0.1256
0.0601
0.0499
0.0693
0.0961
0.0665
0.0741
0.1307
0.7006
0.2352
0.4192
0.8456
0.2302
0.1317
0.1068
0.1064
0.1265
0.5892
0.6437
0.7358
0.8555
0.8849
0.8761
0.2071
0.1475
0.1272
0.0576
0.0411
0.0407
0.0390
0.0493
0.0865
0.8909
0.1627
0.2035
0.9038
0.8379
0.8196
0.7921
0.0584
0.0339
0.0311
0.0484
0.1356
0.9223
0.9268
0.9121
0.1633
0.0573
0.0448
0.0659
0.0866
0.0442
0.0345
0.0342
0.0402
0.0554
0.0898
0.7140
0.8114
0.1377
0.0846
0.0701
0.0764
0.0721
0.0533
0.0460
0.0357
0.0340
0.0442
0.0988
0.9164
0.9241
0.8904
0.8592
0.8953
0.0894
0.0502
0.0302
0.0257
0.0272
0.0380
0.0769
0.8567
0.9162
0.9230
0.8953
0.0978
0.0566
0.0589
0.0904
0.7970
0.1276
0.1139
0.1704
0.2486
0.7447
0.6936
0.1112
0.6905
0.0557
0.0381
0.0318
0.0328
0.0360
0.0581
0.1213
0.2631
0.9507
0.0744
0.0409
0.0259
0.0219
0.0209
0.0221
0.0277
0.0521
0.8881
0.9211
0.9563
0.9600
0.1691
0.0298
0.0167
0.0186
0.0335
0.0228
0.0206
0.0202
0.0402
0.8881
0.9511
0.9634
0.9758
0.9654
0.0613
0.0216
0.0149
0.0142
0.0158
0.0173
0.0264
0.0465
0.0850
0.9131
0.8882
0.0427
0.0253
0.0210
0.0232
0.0267
0.0417
0.1140
0.2066
0.9400
0.8637
0.0709
0.0401
0.0357
0.0460
0.0836
0.0672
0.0716
0.0731
0.6959
0.1315
0.7192
0.7797
0.7512
0.2325
0.2446
0.1399
0.1095
0.6255
0.6587
0.7640
0.1824
0.1629
0.0920
0.0911
0.1359
0.3013
0.7785
0.2570
0.2381
0.5703
0.6048
0.7300
0.7314
0.5938
0.2385
0.1921
0.1981
0.2539
0.6171
0.5636
0.5735
0.5771
0.6313
0.6581
0.2220
0.1566
0.1420
0.1540
0.2042
0.2908
0.7460
0.7363
0.2242
0.1470
0.0915
0.0713
0.0675
0.0864
0.1375
0.1355
0.9004
0.2099
0.1861
0.0829
0.0511
0.0587
0.7265
0.7812
0.0982
0.0554
0.0554
0.1140
0.1419
0.1101
0.9172
0.0937
0.1363
0.9195
0.8664
0.8504
0.7977
0.0961
0.1340
0.9117
0.9602
0.9636
0.8952
0.0376
0.0190
0.0141
0.0141
0.0169
0.0241
0.0289
0.0287
0.0371
0.0655
0.8283
0.8349
0.8734
0.0939
0.0705
0.0986
0.0903
0.0935
0.8589
0.1049
0.1008
0.1156
0.8421
0.1108
0.0763
0.0917
0.6507
0.7369
0.8472
0.8792
0.8726
