0.7906
0.7543
0.6240
0.1605
0.2159
0.8829
0.9004
0.2724
0.1236
0.0990
0.0830
0.0719
0.0938
0.2096
0.8443
0.8960
0.8963
0.1622
0.0582
0.0421
0.0462
0.0748
0.7586
0.8428
0.9219
0.9237
0.1256
0.0584
0.0531
0.0750
0.1184
0.8836
0.1427
0.0796
0.0808
0.1302
0.1323
0.6018
0.2328
0.3287
0.5889
0.5459
0.2209
0.1982
0.2028
0.2198
0.5162
0.3117
0.5827
0.3408
0.2302
0.1983
0.2377
0.6597
0.6961
0.7005
0.7872
0.7694
0.2363
0.1489
0.1385
0.1766
0.6531
0.6857
0.6326
0.5862
0.1286
0.0952
0.0922
0.1139
0.1791
0.3288
0.8496
0.8751
0.4428
0.1918
0.1401
0.1611
0.6355
0.2143
0.1954
0.1776
0.1785
0.7087
0.7960
0.1558
0.0916
0.0901
0.1498
0.8534
0.3430
0.2200
0.7522
0.8344
0.8548
0.8769
0.8654
0.8082
0.7610
0.8008
0.7193
0.6997
0.1499
0.2153
0.8818
0.0939
0.0516
0.0471
0.0702
0.7168
0.8184
0.1781
0.2275
0.2188
0.1838
0.8874
0.2119
0.0935
0.0810
0.1115
0.5805
0.5722
0.5731
0.1388
0.1816
0.7636
0.8595
0.8695
0.2416
0.1948
0.1694
0.0775
0.0538
0.0502
0.0457
0.0531
0.0808
0.8737
0.1284
0.1324
0.8984
0.0887
0.0576
0.0548
0.6655
0.0424
0.0313
0.0342
0.0617
0.1358
0.1768
0.1617
0.9163
0.0792
0.0901
0.9091
0.9274
0.0557
0.0276
0.0241
0.0346
0.0353
0.1043
0.9668
0.9716
0.9352
0.8572
0.0412
0.0327
0.0275
0.0226
0.0241
0.0229
0.0240
0.0418
0.8762
0.9258
0.0678
0.0612
0.0678
0.0778
0.0348
0.0268
0.0203
0.0189
0.0200
0.0248
0.0404
0.1086
0.9187
0.9193
0.9108
0.2385
0.8774
0.0742
0.0519
0.0389
0.0411
0.0553
0.1023
0.1710
0.1237
0.6528
0.0978
0.0736
0.0656
0.0719
0.0766
0.0728
0.0654
0.0663
0.1194
0.2582
0.9174
0.8394
0.0844
0.0494
0.0294
0.0232
0.0223
0.0261
0.0340
0.0749
0.8982
0.9418
0.9492
0.9459
0.1239
0.0425
0.0294
0.0207
0.0178
0.0172
0.0206
0.0427
0.9004
0.9509
0.9668
0.9735
0.9618
0.0628
0.0247
0.0145
0.0135
0.0175
0.0324
0.0315
0.0501
0.8659
0.8720
0.0499
0.0301
0.0234
0.0239
0.0295
0.0484
0.1375
0.2406
0.8703
0.8759
0.7850
0.0719
0.0430
0.0395
0.0555
0.1249
0.1269
0.0540
0.0462
0.0589
0.0780
0.7454
0.1690
0.0956
0.0711
0.0539
0.0518
0.0529
0.0791
0.7893
0.8941
0.9128
0.8956
0.0816
0.0445
0.0433
0.0611
0.0407
0.0385
0.0508
0.7499
0.1683
0.9295
0.9387
0.1582
0.0601
0.0301
0.0249
0.0255
0.0234
0.0245
0.0316
0.0454
0.1090
0.9485
0.0587
0.0361
0.0501
0.8501
0.8996
0.9234
0.9521
0.9553
0.9470
0.9040
0.7933
0.0487
0.0466
0.1005
0.9418
0.9224
0.1106
0.0638
0.0495
0.0278
0.0205
0.0255
0.0189
0.0226
0.0426
0.0564
0.8464
0.9240
0.2601
0.1162
0.1091
0.0554
0.0631
0.8191
0.8173
0.7977
0.0627
0.0473
0.0519
0.0707
0.1609
0.9033
0.8664
0.8873
0.1747
0.7345
0.0673
0.0555
0.0587
0.0599
0.0559
0.0726
0.1459
0.8636
0.7975
0.7986
0.1530
0.1337
0.2098
0.2761
0.3789
0.7937
0.2845
0.2910
0.6166
0.6316
0.2434
0.1895
0.1971
0.2536
0.5882
0.3627
0.5549
0.2106
0.2034
0.2240
0.1817
0.2435
0.8188
0.8621
0.8403
0.6732
0.1202
0.0990
0.2437
0.7797
