0.8543
0.8607
0.2708
0.1111
0.1235
0.2479
0.7836
0.8075
0.7099
0.7074
0.7944
0.8703
0.3098
0.1563
0.0997
0.0936
0.8403
0.0663
0.0480
0.0589
0.0777
0.0538
0.0721
0.8754
0.1009
0.1103
0.1123
0.8469
0.9111
0.9290
0.9317
0.9323
0.9329
0.9323
0.9261
0.8995
0.9202
0.9284
0.0622
0.0342
0.0215
0.0192
0.0223
0.0361
0.0589
0.0522
0.0880
0.8953
0.8940
0.1801
0.2150
0.2173
0.2235
0.8065
0.8698
0.8763
0.2052
0.1162
0.1212
0.2342
0.8326
0.8789
0.8722
0.8176
0.6321
0.5638
0.1786
0.1415
0.1298
0.1414
0.1801
0.1208
0.0975
0.0955
0.1157
0.0798
0.0818
0.1544
0.8762
0.9115
0.9072
0.8844
0.8169
0.7268
0.6149
0.0795
0.0668
0.0804
0.1158
0.1902
0.7391
0.8473
0.8651
0.8331
0.7217
0.7184
0.7327
0.6099
0.1439
0.1330
0.1253
0.1119
0.1209
0.6654
0.0880
0.0676
0.0738
0.0866
0.1068
0.2196
0.8331
0.8637
0.8434
0.8817
0.8751
0.8122
0.8297
0.7402
0.7138
0.0986
0.0932
0.1523
0.1597
0.1028
0.0876
0.8100
0.0762
0.0792
0.1495
0.2248
0.2511
0.8630
0.8260
0.1792
0.5891
0.0941
0.0999
0.1595
0.8707
0.2310
0.1691
0.1331
0.0637
0.0645
0.1073
0.7795
0.8375
0.7590
0.7346
0.7309
0.0779
0.0579
0.0674
0.0988
0.1411
0.0945
0.1082
0.0679
0.0769
0.6677
0.1693
0.8392
0.1303
0.0737
0.0553
0.0553
0.0744
0.1288
0.8826
0.8900
0.9045
0.8844
0.0703
0.0389
0.0371
0.0526
0.0812
0.9150
0.0701
0.0425
0.0360
0.0289
0.0268
0.0284
0.0342
0.0403
0.0765
0.9056
0.9077
0.8923
0.8979
0.9271
0.8902
0.8678
0.0597
0.0409
0.0495
0.0445
0.0898
0.9415
0.9069
0.0483
0.0271
0.0228
0.0260
0.0366
0.0675
0.0512
0.0533
0.0787
0.7375
0.7584
0.8600
0.1717
0.1481
0.0738
0.0738
0.6346
0.1103
0.1674
0.8212
0.8573
0.8349
0.8807
0.8921
0.8837
0.8551
0.8979
0.9129
0.9132
0.9004
0.8634
0.8927
0.8690
0.1394
0.0921
0.0854
0.0824
0.0978
0.1597
0.3721
0.8345
0.7646
0.2279
0.2086
0.1216
0.1216
0.1715
0.7239
0.1257
0.1460
0.2032
0.8992
0.1331
0.0684
0.0659
0.0784
0.0963
0.0764
0.1299
0.8862
0.9087
0.9072
0.9185
0.9030
0.1183
0.0520
0.0532
0.0773
0.0699
0.0412
0.0508
0.0472
0.0900
0.1315
0.9008
0.8946
0.1533
0.0780
0.0680
0.0797
0.0828
0.0862
0.0822
0.0927
0.1090
0.1790
0.3091
0.8713
0.1680
0.1656
0.2370
0.7658
0.8039
0.7385
0.7771
0.6711
0.1390
0.1221
0.7064
0.2174
0.2049
0.8084
0.7258
0.7748
0.8653
0.8582
0.7304
0.1137
0.1273
0.7659
0.2018
0.4183
0.9102
0.9047
0.8843
0.7690
0.1036
0.0820
0.1133
0.8543
0.2205
0.2241
0.1254
0.1365
0.0893
0.0939
0.1244
0.1356
0.0723
0.0601
0.0789
0.1481
0.9001
0.9231
0.9232
0.9093
0.8765
0.1286
0.0933
0.1662
0.8994
0.9198
0.9251
0.9207
0.9108
0.8922
0.8509
0.8800
0.8809
0.1849
0.1514
0.0771
0.0855
0.7559
0.8157
0.9031
0.8993
0.0904
0.0544
0.0674
0.1143
0.8979
0.2135
0.0794
0.0698
0.1507
0.9088
0.9217
0.9143
0.9173
0.8889
0.7297
0.0697
0.0597
0.0827
0.2114
0.8660
0.8356
0.6561
0.1412
0.1266
0.1621
0.5867
0.6135
0.7118
0.3882
0.3598
0.2139
0.1925
0.2487
0.3163
0.5694
0.5775
0.6909
0.8339
0.8371
