0.7115
0.4175
0.6010
0.2487
0.3049
0.6674
0.2840
0.3431
0.6700
0.1791
0.1097
0.0877
0.1013
0.2008
0.8579
0.8938
0.8670
0.7393
0.6624
0.6634
0.6157
0.1204
0.1151
0.1888
0.8387
0.8691
0.3741
0.2665
0.1537
0.1696
0.1628
0.7663
0.8629
0.8595
0.1420
0.0916
0.0797
0.1073
0.1592
0.7798
0.1888
0.1196
0.1057
0.1309
0.6416
0.7259
0.8296
0.7763
0.1486
0.0987
0.1047
0.1693
0.7436
0.6845
0.6751
0.1622
0.1074
0.0904
0.0894
0.1000
0.1000
0.1210
0.6644
0.7015
0.7458
0.7666
0.8324
0.1593
0.1111
0.1212
0.0707
0.0595
0.0697
0.1080
0.7538
0.2395
0.1958
0.1303
0.0824
0.0692
0.0756
0.1092
0.0907
0.1188
0.7474
0.8121
0.8624
0.8418
0.8884
0.8896
0.8877
0.0883
0.0450
0.0354
0.0285
0.0270
0.0315
0.0504
0.1336
0.2746
0.8779
0.8715
0.8385
0.1229
0.0892
0.1244
0.1051
0.1358
0.1035
0.6330
0.6566
0.7389
0.8562
0.8574
0.7183
0.6770
0.0712
0.0519
0.0379
0.0350
0.0407
0.0502
0.0980
0.9002
0.9350
0.0866
0.0459
0.0420
0.0680
0.8855
0.8863
0.8631
0.0471
0.0316
0.0393
0.1022
0.9584
0.2306
0.1248
0.0831
0.0369
0.0345
0.0523
0.0336
0.0325
0.0382
0.0385
0.0430
0.0426
0.0512
0.0789
0.1561
0.6916
0.1824
0.1741
0.5456
0.2041
0.2086
0.5025
0.2550
0.5473
0.6054
0.2523
0.1987
0.2014
0.2711
0.3854
0.7823
0.4084
0.2967
0.5260
0.1818
0.1615
0.1841
0.5751
0.7239
0.8330
0.8429
0.7942
0.6439
0.2390
0.2767
0.1939
0.1422
0.1447
0.6590
0.2968
0.8480
0.1394
0.0733
0.0544
0.0493
0.0525
0.0690
0.1252
0.8800
0.0971
0.0639
0.0862
0.2236
0.9300
0.0994
0.0515
0.0328
0.0278
0.0271
0.0231
0.0231
0.0323
0.0892
0.9321
0.9545
0.9539
0.9410
0.0902
0.0326
0.0285
0.0495
0.0434
0.0202
0.0194
0.0392
0.0794
0.9471
0.9640
0.9717
0.1641
0.0403
0.0177
0.0157
0.0195
0.0198
0.0172
0.0218
0.0423
0.8809
0.8971
0.0503
0.0300
0.0226
0.0211
0.0221
0.0269
0.0423
0.1136
0.1998
0.9129
0.8076
0.0958
0.0627
0.0659
0.0773
0.7239
0.1427
0.1020
0.1188
0.7446
0.7979
0.8263
0.6898
0.0859
0.0569
0.0498
0.0535
0.0677
0.7002
0.1686
0.8761
0.8371
0.8867
0.0770
0.0404
0.0308
0.0299
0.0345
0.0490
0.0313
0.0277
0.0390
0.0993
0.9588
0.1389
0.0572
0.0271
0.0203
0.0178
0.0162
0.0153
0.0157
0.0191
0.0308
0.0395
0.0172
0.0129
0.0163
0.0486
0.9441
0.9795
0.9767
0.1533
0.0316
0.0141
0.0141
0.0249
0.0651
0.1710
0.9685
0.9687
0.9376
0.0444
0.0228
0.0181
0.0189
0.0235
0.0354
0.0731
0.0752
0.8227
0.1594
0.1056
0.1215
0.8111
0.7278
0.7366
0.8079
0.7224
0.7075
0.0829
0.0595
0.0823
0.8431
0.9330
0.9371
0.8437
0.0599
0.0414
0.0410
0.0385
0.0399
0.0339
0.0319
0.0356
0.0519
0.1156
0.8896
0.8765
0.9019
0.8850
0.2278
0.6755
0.0921
0.0761
0.0761
0.0932
0.1368
0.6824
0.7264
0.2208
0.1615
0.1652
0.2246
0.6016
0.3528
0.5536
0.2220
0.2257
0.3063
0.3355
0.3861
0.7186
0.7386
0.7291
0.6727
0.2994
0.2390
0.2520
0.5231
0.2308
0.2251
0.5218
0.2477
0.2902
0.2289
0.2372
0.3228
0.7106
0.6981
0.2325
0.1406
0.1286
0.1715
0.7003
0.7136
0.7290
0.7541
0.7130
0.7719
0.7614
0.7450
0.5940
0.1659
0.1269
0.1169
0.1449
0.5680
0.6904
0.8146
0.8572
0.8517
