0.7868
0.7898
0.7711
0.8045
0.7936
0.7724
0.7388
0.6042
0.2982
0.2950
0.3029
0.2957
0.2885
0.5191
0.3124
0.2958
0.3158
0.3693
0.3197
0.3201
0.5346
0.5615
0.3793
0.4006
0.3794
0.4080
0.3857
0.3775
0.4083
0.6939
0.7043
0.5961
0.3314
0.2586
0.2407
0.2659
0.3337
0.3485
0.4220
0.7174
0.7087
0.6038
0.5827
0.6380
0.3706
0.4042
0.3731
0.2559
0.5635
0.1883
0.2351
0.2591
0.8536
0.3115
0.1146
0.0768
0.0818
0.1167
0.0835
0.0703
0.0531
0.0473
0.0489
0.0640
0.6705
0.0662
0.0501
0.0576
0.1083
0.1726
0.8830
0.9242
0.9318
0.9298
0.9237
0.9111
0.9373
0.9393
0.8742
0.0570
0.0398
0.0286
0.0248
0.0230
0.0233
0.0275
0.0421
0.0932
0.8886
0.8797
0.1688
0.1418
0.7570
0.7979
0.8348
0.8432
0.7305
0.1464
0.2113
0.8734
0.8959
0.9019
0.9191
0.9240
0.9183
0.2079
0.0750
0.0476
0.0341
0.0321
0.0353
0.0460
0.0566
0.0831
0.1106
0.6374
0.1413
0.1692
0.2166
0.2958
0.7048
0.5999
0.5525
0.2488
0.2355
0.2548
0.2831
0.6012
0.3740
0.6915
0.3448
0.3189
0.3383
0.4348
0.7703
0.7161
0.7268
0.6209
0.5435
0.1981
0.2026
0.2918
0.2893
0.1793
0.1817
0.3035
0.3684
0.7456
0.7617
0.1568
0.1143
0.1539
0.3025
0.8741
0.8886
0.8762
0.3131
0.1681
0.1414
0.6741
0.6953
0.7308
0.7116
0.1715
0.1782
0.1564
0.7247
0.8196
0.8296
0.3695
0.2409
0.1025
0.1029
0.5988
0.6320
0.1730
0.1514
0.1548
0.2627
0.7845
0.8337
0.8196
0.8183
0.8358
0.8173
0.7433
0.7429
0.6790
0.7085
0.8101
0.8354
0.8064
0.7740
0.6369
0.6243
0.3312
0.2153
0.1823
0.1613
0.1777
0.2615
0.2845
0.7680
0.7203
0.6590
0.7115
0.6658
0.7281
0.8463
0.8773
0.8750
0.2110
0.0844
0.0457
0.0415
0.0554
0.1157
0.8885
0.8456
0.1484
0.1168
0.0538
0.0541
0.1104
0.9089
0.9096
0.8538
0.8708
0.0685
0.0451
0.0530
0.0634
0.0336
0.0303
0.0456
0.0440
0.0979
0.8866
0.9107
0.9513
0.9543
0.9328
0.1142
0.0687
0.8305
0.0420
0.0275
0.0220
0.0236
0.0254
0.0359
0.0718
0.8382
0.8703
0.0759
0.0444
0.0471
0.0963
0.2710
0.9100
0.9019
0.8830
0.8314
0.8117
0.8735
0.8874
0.8727
0.8095
0.8356
0.7725
0.7171
0.7617
0.1127
0.1072
0.0516
0.0427
0.0432
0.0744
0.9376
0.2131
0.1276
0.9329
0.0488
0.0239
0.0236
0.0497
0.1725
0.9450
0.9343
0.9208
0.8965
0.0856
0.0711
0.0396
0.0541
0.0895
0.8475
0.0656
0.0976
0.9009
0.0800
0.0903
0.2125
0.9422
0.0815
0.0433
0.0257
0.0217
0.0220
0.0264
0.0396
0.0948
0.1596
0.9164
0.8849
0.7432
0.0922
0.0784
0.0749
0.0980
0.1748
0.1630
0.1866
0.7021
0.1169
0.0812
0.0774
0.1153
0.1684
0.0882
0.0409
0.0304
0.0297
0.0298
0.0444
0.1262
0.9364
0.9351
0.9115
0.9278
0.9306
0.9236
0.8879
0.8975
0.7916
0.0482
0.0345
0.0371
0.0621
0.0633
0.0671
0.1246
0.1681
0.2275
0.7904
0.0984
0.0781
0.0801
0.1009
0.1170
0.1298
0.2014
0.7520
0.7461
0.6231
0.2068
0.1746
0.2017
0.1400
0.1312
0.1510
0.2086
0.1700
0.1689
0.1770
0.2059
0.2519
0.3130
0.4523
0.4929
0.4824
0.8118
0.7485
0.7660
0.7081
0.7494
0.8462
0.8762
0.8730
0.8431
0.7652
0.7742
0.7152
0.6835
0.7464
0.7125
0.7825
0.3688
0.2396
0.1629
0.1539
0.1863
0.2834
0.6082
0.5751
0.5697
0.5954
0.6851
0.8319
0.8616
0.2951
0.1308
0.1031
0.1262
0.6372
0.6973
0.8058
0.8743
0.8775
0.8400
0.8704
0.8629
0.2145
0.1273
0.6457
0.6647
0.1210
0.1539
0.3640
0.8991
0.8285
0.7254
0.6729
0.0962
0.0805
0.1138
0.7809
0.8492
0.3246
0.4444
0.8641
0.7601
0.7537
0.7214
0.6818
0.6915
0.7430
0.7828
0.8612
0.2787
0.1307
0.1365
0.2998
0.8624
0.8229
0.8695
0.8657
0.8173
0.8417
0.7822
0.1660
0.1078
0.1079
0.1587
0.3582
0.4847
0.8486
0.7790
0.5994
0.1414
0.1328
0.6131
0.6564
0.1532
0.1622
0.1706
0.0926
0.0925
0.7137
0.8257
0.8326
0.8939
0.8890
0.0686
0.0370
0.0331
0.0438
0.0320
0.0353
0.0646
0.0545
0.0715
0.0389
0.0420
0.7768
0.0469
0.0478
0.0909
0.9227
0.9011
0.9128
0.9242
0.9520
0.9440
0.0784
0.0405
0.0449
0.8560
0.0495
0.0487
0.0459
0.0450
0.0622
0.8133
0.0592
0.0577
0.0508
0.0443
0.0532
0.0932
0.7880
0.8569
0.8327
0.7915
0.8274
0.1079
0.0812
0.1102
0.1665
0.1274
0.6801
0.6215
0.1428
0.2106
0.8473
0.8581
0.7970
0.8049
0.1499
0.1298
0.1282
0.1488
0.2584
0.3311
0.3492
0.8149
0.8366
0.4568
0.3278
0.2674
0.3033
0.8522
0.8393
0.7153
0.6705
0.6365
0.1472
0.1637
0.1000
0.0975
0.7104
0.1684
0.1203
0.7477
0.1568
0.1323
0.2392
0.9026
0.9032
0.8822
0.8009
0.7988
0.8816
0.2538
0.1334
0.1384
0.8185
0.0865
0.0723
0.0550
0.0561
0.0706
0.0936
0.6692
0.7351
0.8263
0.2949
0.3886
0.3414
0.1925
0.1035
0.0795
0.0816
0.6274
0.0825
0.0724
0.0964
0.2366
0.3064
0.8819
0.0598
0.0332
0.0271
0.0286
0.0397
0.0874
0.8999
0.9404
0.9147
0.0674
0.0389
0.0351
0.0352
0.0459
0.0730
0.7981
0.0996
0.0797
0.0615
0.0748
0.1274
0.7734
0.7368
0.1386
0.1218
0.1440
0.6172
0.6186
0.1284
0.0895
0.0857
0.1116
0.7664
0.1299
0.1563
0.1241
0.1877
0.7884
0.8388
0.1691
0.1331
0.1654
0.8833
0.8816
0.1412
0.1079
0.1702
0.7690
0.7421
0.7885
0.1603
0.1587
0.8471
0.2115
0.8282
0.7230
0.1403
0.2545
0.3746
0.9151
0.9007
0.1350
0.0637
0.0603
0.0681
0.6872
0.0846
0.0946
0.1790
0.3934
0.8890
0.8532
0.1445
0.0756
0.0760
0.1397
0.8773
0.8950
0.8737
0.8972
0.8938
0.8670
0.8929
0.8915
0.8625
0.8829
0.8474
0.1370
0.0984
0.1194
0.2256
0.8091
0.8129
0.4098
0.2409
0.1916
0.1712
0.2000
0.2390
0.3509
0.6396
0.6698
0.7305
0.7256
0.3992
0.4556
0.4781
0.7755
0.3382
0.2182
0.1917
0.1664
0.5362
0.1299
0.0921
0.0786
0.0825
0.0803
0.0954
0.0470
0.0327
0.0306
0.0374
0.0503
0.0861
0.9255
0.9501
0.9517
0.1499
0.1533
0.0917
0.0326
0.0248
0.0255
0.0300
0.0299
0.0329
0.0455
0.0932
0.2928
0.9068
0.8893
0.8800
0.3316
0.1373
0.1092
0.1671
0.8739
0.1206
0.0764
0.0545
0.0608
0.1026
0.8481
0.8202
0.8729
0.3685
0.2964
0.1681
0.0856
0.1267
0.8753
0.8759
0.8907
0.8653
0.8944
0.8896
0.8456
0.8142
0.8574
0.8958
0.8931
0.8534
0.8762
0.8611
0.8993
0.8826
0.0876
0.0617
0.0759
0.1001
0.1077
0.7343
0.0725
0.0609
0.0723
0.1354
0.1374
0.1881
0.1174
0.1032
0.1145
0.1130
0.1214
0.1431
0.1565
0.2030
0.3419
0.6972
0.7627
0.7810
0.7553
0.8063
0.8135
0.7769
0.1936
0.1147
0.1158
0.1936
0.2032
0.1435
0.7788
0.8715
0.8963
0.8832
0.8310
0.2001
0.1490
0.1162
0.0986
0.1067
0.1420
0.5898
0.6552
0.6092
0.6097
0.6701
0.6241
0.6626
0.7712
0.7864
0.7346
0.2576
0.2668
0.2090
0.1112
0.0752
0.1046
0.1167
0.8875
0.8687
0.9024
0.8891
0.8178
0.8352
0.9014
0.8943
0.0866
0.0569
0.0506
0.0803
0.0888
0.1082
0.1513
0.1623
0.2629
0.3161
0.3062
0.4179
0.8839
0.8726
