0.8755
0.9260
0.9233
0.8973
0.8015
0.2438
0.1481
0.1664
0.3083
0.7963
0.8630
0.8529
0.2204
0.0985
0.0760
0.0830
0.1317
0.7325
0.8325
0.8063
0.8272
0.1204
0.0757
0.0728
0.1001
0.1612
0.7876
0.2625
0.1876
0.2007
0.2825
0.2751
0.2956
0.5885
0.7054
0.3971
0.2813
0.2235
0.2011
0.1891
0.1845
0.1838
0.1907
0.1816
0.1926
0.2377
0.2338
0.6340
0.7628
0.7926
0.7598
0.8104
0.8057
0.6914
0.1346
0.0941
0.1054
0.1905
0.8145
0.8606
0.7762
0.1228
0.0811
0.0838
0.1278
0.6323
0.6863
0.7915
0.8641
0.8762
0.8438
0.1908
0.1215
0.1082
0.1475
0.6387
0.2944
0.2970
0.3175
0.3596
0.3055
0.2674
0.1680
0.1706
0.1621
0.7318
0.8476
0.8755
0.8712
0.8841
0.8787
0.8513
0.7456
0.1037
0.0959
0.0656
0.0770
0.1036
0.1494
0.2209
0.8003
0.7688
0.8038
0.8221
0.2148
0.2325
0.1230
0.0424
0.0337
0.0444
0.0721
0.7009
0.7356
0.7650
0.8456
0.8308
0.7068
0.7063
0.7883
0.8470
0.1056
0.0659
0.0515
0.0658
0.0951
0.0871
0.0991
0.2089
0.3631
0.8422
0.8498
0.8183
0.2492
0.2133
0.2905
0.7190
0.1393
0.1018
0.1162
0.6587
0.8080
0.8868
0.8801
0.7742
0.7115
0.0942
0.0702
0.0681
0.0838
0.0994
0.1450
0.6050
0.7159
0.6439
0.6634
0.3214
0.1758
0.1318
0.1256
0.5621
0.1096
0.0880
0.0976
0.1643
0.3308
0.4236
0.8666
0.8445
0.1147
0.0679
0.0741
0.1265
0.7584
0.1222
0.1487
0.1128
0.1255
0.8285
0.9069
0.9081
0.7988
0.0737
0.0544
0.0789
0.1593
0.9149
0.1251
0.0583
0.0517
0.0766
0.7196
0.8320
0.8517
0.1988
0.1700
0.1648
0.0972
0.0596
0.0429
0.0436
0.0572
0.0995
0.2175
0.7850
0.8543
0.8487
0.7808
0.5846
0.5164
0.1871
0.1717
0.1549
0.1598
0.1925
0.2856
0.7667
0.2362
0.1454
0.1145
0.1005
0.0937
0.0959
0.1169
0.1933
0.2418
0.2999
0.2991
0.3647
0.8573
0.7620
0.1224
0.0893
0.1076
0.0758
0.0753
0.0449
0.0468
0.0903
0.8346
0.9119
0.9214
0.9048
0.8365
0.7328
0.0689
0.0557
0.0806
0.0634
0.0777
0.0748
0.8411
0.9008
0.9380
0.9562
0.9455
0.0722
0.0328
0.0227
0.0276
0.0396
0.0952
0.9282
0.9273
0.8677
0.8228
0.0537
0.0332
0.0292
0.0357
0.0448
0.0573
0.0868
0.2351
0.9207
0.8934
0.7948
0.0865
0.0636
0.0818
0.1183
0.0787
0.0584
0.0701
0.0917
0.7272
0.1814
0.7633
0.1541
0.0788
0.0618
0.0573
0.0796
0.0691
0.0994
0.0916
0.1097
0.8271
0.9050
0.1845
0.0625
0.0483
0.0630
0.0431
0.0469
0.0759
0.7700
0.8085
0.8857
0.8919
0.1392
0.0683
0.0741
0.7540
0.1069
0.1163
0.0721
0.0996
0.8044
0.8578
0.8866
0.7834
0.0547
0.0320
0.0290
0.0430
0.1112
0.9470
0.9554
0.9431
0.0822
0.0309
0.0350
0.1177
0.9278
0.9390
0.9162
0.9334
0.9300
0.9338
0.8921
0.0656
0.0352
0.0421
0.1128
0.8882
0.9161
0.9037
0.9314
0.9244
0.0863
0.0562
0.0278
0.0315
0.0714
0.9052
0.9097
0.8959
0.1040
0.0871
0.8080
0.1572
0.2110
0.8308
0.0606
0.0477
0.0556
0.0344
0.0291
0.0317
0.0321
0.0316
0.0463
0.1106
0.9428
0.1930
0.0654
0.0479
0.0471
0.0718
0.1180
0.8674
0.2396
0.1466
0.1498
0.7469
0.2208
0.1316
0.1084
0.1280
0.1845
0.6443
0.3426
0.2729
0.2030
0.2135
0.3018
0.3174
0.6176
0.6995
0.7223
0.6732
0.2748
0.1909
0.1765
0.1861
0.1734
0.1706
0.1861
0.2392
0.6209
0.3177
0.3947
0.7738
0.8309
0.8398
0.8372
0.8686
0.8371
