0.8548
0.9115
0.9137
0.8803
0.8090
0.4025
0.3921
0.7590
0.4912
0.4916
0.4524
0.4448
0.6299
0.6434
0.7306
0.7558
0.7353
0.7282
0.6596
0.5841
0.2630
0.2157
0.2002
0.1840
0.1897
0.2264
0.2062
0.2498
0.3783
0.8142
0.8522
0.8473
0.8025
0.2549
0.1756
0.5803
0.6144
0.1502
0.1297
0.1882
0.8044
0.1612
0.1366
0.2145
0.8711
0.9010
0.9016
0.8901
0.8684
0.8733
0.8973
0.9031
0.8840
0.1477
0.1227
0.0832
0.1095
0.0962
0.7485
0.1784
0.8218
0.8446
0.1228
0.0728
0.0670
0.0749
0.0907
0.1518
0.8582
0.1771
0.2103
0.8821
0.8839
0.8338
0.7687
0.1074
0.1263
0.8844
0.1834
0.1088
0.1288
0.1431
0.9190
0.2378
0.1526
0.0596
0.0493
0.0503
0.0774
0.1176
0.0985
0.1229
0.1671
0.2437
0.3251
0.1970
0.1055
0.0812
0.0753
0.0802
0.1017
0.1237
0.1389
0.8511
0.1076
0.0783
0.0765
0.1309
0.1373
0.9043
0.0957
0.0576
0.0439
0.0550
0.1189
0.9142
0.8949
0.8533
0.8298
0.0709
0.0467
0.0529
0.1069
0.1548
0.8912
0.8235
0.7379
0.0799
0.0675
0.0668
0.1002
0.0810
0.6940
0.0987
0.1542
0.1462
0.1021
0.1561
0.8181
0.8578
0.8361
0.7416
0.7764
0.7485
0.7667
0.8632
0.8909
0.2722
0.0900
0.0564
0.0463
0.0567
0.1120
0.1312
0.0808
0.0707
0.1374
0.8553
0.8967
0.8812
0.1039
0.0583
0.0388
0.0402
0.0419
0.0444
0.0667
0.1090
0.1027
0.1613
0.8469
0.1192
0.0744
0.0714
0.0976
0.8127
0.1436
0.1499
0.1616
0.1075
0.6935
0.7419
0.8435
0.9042
0.9156
0.2250
0.1383
0.1005
0.0471
0.0403
0.0510
0.0703
0.1061
0.7658
0.7422
0.8211
0.8789
0.8864
0.8651
0.7959
0.1480
0.1478
0.1042
0.1339
0.1044
0.7843
0.1025
0.0854
0.1301
0.8401
0.9051
0.9241
0.9232
0.9091
0.8597
0.1324
0.0773
0.0906
0.0713
0.0622
0.0570
0.0531
0.0518
0.0684
0.0768
0.1284
0.1090
0.0994
0.1585
0.7720
0.7798
0.8136
0.8870
0.8953
0.1406
0.0788
0.0947
0.0862
0.1040
0.2124
0.8768
0.1175
0.1062
0.1491
0.1094
0.0817
0.0840
0.1020
0.1649
0.1867
0.2155
0.1640
0.7763
0.7976
0.6982
0.6796
0.1654
0.2085
0.2487
0.1507
0.0946
0.0785
0.0743
0.0739
0.0966
0.7241
0.7793
0.8742
0.8700
0.1468
0.1130
0.1585
0.1383
0.7586
0.1224
0.0817
0.0738
0.0644
0.0512
0.0509
0.0511
0.0684
0.1411
0.1317
0.7642
0.7141
0.0727
0.0661
0.0658
0.0719
0.8134
0.0866
0.1092
0.1647
0.1503
0.1673
0.8721
0.8112
0.0737
0.0598
0.0919
0.8683
0.8927
0.9277
0.9111
0.8939
0.9159
0.8845
0.8867
0.8547
0.0627
0.0449
0.0669
0.9069
0.9368
0.1683
0.0984
0.0492
0.0347
0.0173
0.0175
0.0289
0.0288
0.0484
0.9238
0.0564
0.0417
0.0327
0.0362
0.0509
0.0308
0.0261
0.0289
0.0420
0.0881
0.1185
0.1205
0.1310
0.0954
0.1363
0.8857
0.1474
0.0893
0.0699
0.0925
0.7544
0.7577
0.1135
0.0926
0.7421
0.0920
0.1234
0.0839
0.1011
0.0815
0.7949
0.8363
0.8735
0.9254
0.9340
0.9199
0.1153
0.0520
0.0397
0.0643
0.1437
0.8799
0.8262
0.8369
0.7219
0.1281
0.1379
0.7458
0.7392
0.1274
0.1219
0.2010
0.2317
0.8159
0.1615
0.1080
0.1290
0.2096
0.2333
0.7993
0.2124
0.2676
0.2295
0.2084
0.1165
0.1089
0.1248
0.2117
0.2462
0.1657
0.0627
0.0526
0.0885
0.0655
0.0506
0.0700
0.8278
0.8458
0.8878
0.9380
0.9330
0.0789
0.0476
0.0571
0.0403
0.0321
0.0399
0.0524
0.0670
0.0847
0.1316
0.8252
0.8295
0.8571
0.8988
0.8889
