0.7041
0.3943
0.5618
0.1929
0.1739
0.1894
0.2526
0.3616
0.7633
0.7962
0.8162
0.8018
0.8412
0.8573
0.8585
0.8474
0.8219
0.7731
0.7903
0.7694
0.7405
0.2301
0.1527
0.1391
0.1741
0.2914
0.3527
0.3144
0.2558
0.7786
0.7742
0.7830
0.8165
0.8522
0.2270
0.1469
0.1053
0.0792
0.0640
0.0704
0.1091
0.2555
0.7802
0.8200
0.7928
0.7009
0.6166
0.5531
0.5400
0.5104
0.2712
0.2521
0.2688
0.3235
0.2902
0.5293
0.3114
0.3616
0.4240
0.4258
0.3674
0.3306
0.3381
0.3797
0.3643
0.3842
0.7304
0.2507
0.1903
0.5495
0.1572
0.1329
0.1498
0.6165
0.6818
0.2450
0.1581
0.1651
0.1952
0.1748
0.7357
0.7580
0.7639
0.7618
0.8198
0.7651
0.7438
0.1140
0.0766
0.0651
0.0851
0.1790
0.8798
0.8642
0.1426
0.0979
0.1380
0.7459
0.1797
0.2213
0.7789
0.8184
0.8481
0.8339
0.7753
0.2778
0.3257
0.3081
0.2000
0.1342
0.1179
0.6152
0.6519
0.7119
0.7564
0.8000
0.2675
0.2770
0.2113
0.1311
0.1064
0.1110
0.1778
0.2188
0.1350
0.1152
0.1056
0.1309
0.6459
0.7147
0.8260
0.8441
0.7971
0.7855
0.8640
0.8848
0.8533
0.0890
0.0594
0.0758
0.0827
0.1525
0.3258
0.9000
0.3450
0.2226
0.0863
0.0601
0.0555
0.0618
0.0847
0.1117
0.1211
0.7478
0.0886
0.0709
0.0595
0.0643
0.0722
0.1171
0.7905
0.8386
0.8747
0.8512
0.8403
0.7751
0.7996
0.8372
0.8126
0.1099
0.0729
0.0611
0.0598
0.0675
0.1028
0.8429
0.8905
0.8954
0.1481
0.0934
0.0977
0.1744
0.8751
0.8698
0.8891
0.9108
0.9016
0.1336
0.0993
0.0502
0.0217
0.0252
0.0699
0.9604
0.9758
0.9756
0.9625
0.0977
0.0453
0.0213
0.0199
0.0226
0.0294
0.0318
0.0474
0.0792
0.1708
0.9632
0.9520
0.0762
0.0748
0.0744
0.0769
0.0784
0.0747
0.0602
0.0361
0.0468
0.0435
0.8327
0.1106
0.1311
0.9475
0.1688
0.0734
0.0595
0.0292
0.0242
0.0278
0.0437
0.0818
0.1736
0.8419
0.8787
0.8805
0.8429
0.8267
0.8385
0.8700
0.9059
0.9162
0.9153
0.9280
0.9322
0.9307
0.9224
0.9034
0.8970
0.8697
0.8609
0.8708
0.8918
0.8944
0.2990
0.2365
0.1645
0.0922
0.0649
0.0569
0.0592
0.0731
0.1068
0.8669
0.8585
0.0937
0.0577
0.0597
0.0658
0.0808
0.8494
0.8408
0.8285
0.0539
0.0428
0.0638
0.0743
0.1525
0.8776
0.8376
0.1080
0.1536
0.1775
0.1893
0.8691
0.1560
0.1493
0.1243
0.1686
0.3092
0.9070
0.8832
0.1635
0.1059
0.0875
0.0840
0.0968
0.2023
0.8763
0.8791
0.9015
0.8936
0.8700
0.2891
0.2146
0.1355
0.1715
0.9011
0.9009
0.8526
0.8673
0.8330
0.8642
0.8477
0.8481
0.8600
0.8732
0.1116
0.1009
0.0643
0.0522
0.0511
0.0606
0.1185
0.1633
0.1562
0.1068
0.1317
0.1268
0.1908
0.3087
0.3709
0.3746
0.3263
0.3135
0.3194
0.2295
0.2311
0.3097
0.6386
0.6280
0.2773
0.2453
0.3084
0.6828
0.6959
0.4530
0.4366
0.3458
0.3435
0.2736
0.3191
0.7023
0.7158
0.7507
0.7432
0.3311
0.2680
0.2845
0.2710
0.2177
0.2071
0.8506
0.1601
0.1098
0.0961
0.0955
0.0531
0.0551
0.0656
0.0801
0.8217
0.1165
0.1396
0.9050
0.1310
0.1326
0.8283
0.8187
0.8462
0.8945
0.8642
0.8184
0.8214
0.8048
0.1177
0.1368
0.8716
0.8407
0.1469
0.1546
0.8117
0.0642
0.0844
0.0695
0.0381
0.0408
0.0576
0.0604
0.1157
0.9070
0.0961
0.1096
0.1058
0.1457
0.2522
0.2547
0.7792
0.0899
0.0625
0.0641
0.0805
0.1801
0.9205
0.9283
0.9200
0.8957
0.2316
0.1328
0.1599
0.1217
0.1176
0.6128
0.5962
0.6386
0.7472
0.8457
0.8629
