0.8431
0.8710
0.7502
0.2551
0.1736
0.1817
0.1789
0.1787
0.1802
0.1795
0.1762
0.1702
0.1597
0.1488
0.1402
0.1450
0.1791
0.3006
0.8123
0.4594
0.3413
0.7603
0.2577
0.2522
0.2051
0.6396
0.6957
0.8146
0.3736
0.7041
0.1361
0.1354
0.7645
0.8739
0.2082
0.0679
0.0497
0.0738
0.0928
0.2421
0.9205
0.9037
0.1377
0.1350
0.8645
0.8111
0.8248
0.8694
0.1521
0.2093
0.9391
0.9429
0.1110
0.0438
0.0335
0.0282
0.0244
0.0294
0.0408
0.0811
0.7912
0.2576
0.9045
0.8981
0.8764
0.1334
0.0951
0.0918
0.5696
0.5898
0.1550
0.2404
0.8133
0.6772
0.1094
0.0803
0.0814
0.1131
0.1828
0.6693
0.6783
0.7606
0.8256
0.8143
0.7118
0.7185
0.2217
0.1602
0.1509
0.1472
0.1734
0.2701
0.2885
0.6954
0.7764
0.3034
0.2326
0.2961
0.8009
0.6960
0.1244
0.0868
0.0806
0.0757
0.0848
0.0807
0.0616
0.0556
0.0457
0.0463
0.0668
0.7243
0.8008
0.8900
0.3616
0.3928
0.9207
0.0794
0.0400
0.0265
0.0253
0.0278
0.0570
0.9012
0.9588
0.9676
0.9542
0.0616
0.0247
0.0210
0.0274
0.0485
0.0537
0.8040
0.1647
0.3464
0.9128
0.8804
0.8691
0.0986
0.0626
0.0694
0.1234
0.8608
0.8769
0.8978
0.8746
0.7637
0.1171
0.0809
0.0998
0.7546
0.8380
0.8060
0.8305
0.1110
0.0984
0.1842
0.8121
0.8783
0.8899
0.8622
0.1599
0.1536
0.7700
0.7121
0.7872
0.8888
0.9065
0.8588
0.7433
0.0573
0.0423
0.0438
0.0637
0.0468
0.0479
0.0723
0.0601
0.0767
0.8545
0.0961
0.0891
0.1276
0.0881
0.0846
0.0727
0.0723
0.0761
0.0825
0.0872
0.0817
0.0707
0.0688
0.0813
0.1390
0.1430
0.1308
0.1134
0.0582
0.0630
0.1166
0.8862
0.8205
0.0853
0.0513
0.0336
0.0330
0.0466
0.0613
0.0391
0.0568
0.8520
0.9162
0.9524
0.9597
0.9605
0.9518
0.8608
0.0360
0.0247
0.0300
0.0425
0.0287
0.0347
0.0749
0.0674
0.0278
0.0238
0.0319
0.0654
0.1381
0.8023
0.7874
0.1895
0.1029
0.0608
0.0612
0.0901
0.1824
0.8571
0.1522
0.0857
0.0616
0.0520
0.0476
0.0488
0.0603
0.1037
0.7989
0.8704
0.8310
0.8503
0.0928
0.0589
0.0642
0.1166
0.8304
0.8011
0.8464
0.1275
0.0794
0.0775
0.1148
0.6573
0.7864
0.7720
0.8285
0.1629
0.0975
0.0650
0.0650
0.0898
0.8201
0.1165
0.1144
0.1811
0.9070
0.9213
0.9166
0.8754
0.8844
0.0794
0.0422
0.0328
0.0333
0.0409
0.0628
0.1413
0.1727
0.8545
0.1573
0.1125
0.0955
0.1349
0.8042
0.8416
0.7211
0.6482
0.0952
0.0923
0.1246
0.0956
0.0981
0.1185
0.7783
0.1442
0.1383
0.2101
0.7189
0.6937
0.0862
0.0616
0.0681
0.1292
0.8784
0.8876
0.8346
0.1170
0.0923
0.0908
0.7442
0.1146
0.2367
0.8852
0.9230
0.9288
0.1787
0.0826
0.6938
0.0523
0.0537
0.0833
0.7872
0.8934
0.9006
0.1197
0.0642
0.0651
0.1088
0.7563
0.8374
0.1882
0.1185
0.1309
0.7695
0.1654
0.1769
0.6865
0.7665
0.1855
0.1221
0.1026
0.1017
0.1086
0.1308
0.5346
0.5711
0.1714
0.1752
0.1033
0.1073
0.6508
0.7825
0.7928
0.7960
0.8666
0.8556
0.1188
0.0686
0.0680
0.1038
0.7918
0.7897
0.7415
0.6857
0.0784
0.0589
0.0642
0.1060
0.7367
0.8374
0.9022
0.9040
0.8690
0.1262
0.0856
0.0934
0.1084
0.1364
0.1419
0.1231
0.0961
0.6908
0.0834
0.0761
0.0943
0.0697
0.0899
0.7844
0.8760
0.8882
0.8389
0.8643
0.8456
0.8482
0.8641
0.8170
0.7714
0.8039
0.7057
0.6794
0.7113
0.7916
0.8293
0.1209
0.0743
0.0677
0.0710
0.1067
0.8026
0.2219
0.2996
0.2629
0.1438
0.1350
0.1795
0.1284
0.1385
0.5586
0.6252
0.7583
0.8120
