0.7574
0.7273
0.3914
0.2547
0.2729
0.6243
0.3597
0.3891
0.3025
0.2767
0.2670
0.3300
0.6395
0.6986
0.3900
0.2655
0.2265
0.2489
0.3354
0.3591
0.3784
0.4072
0.3612
0.2610
0.2624
0.2323
0.3232
0.8325
0.3542
0.1417
0.1011
0.1113
0.1668
0.1272
0.0941
0.1150
0.6912
0.7812
0.7383
0.7592
0.7839
0.1602
0.0946
0.0651
0.0551
0.0775
0.1513
0.8565
0.9035
0.9368
0.9367
0.1734
0.1075
0.0663
0.0925
0.0693
0.0301
0.0266
0.0405
0.1137
0.2082
0.8947
0.7483
0.0872
0.0642
0.0710
0.1114
0.6635
0.2554
0.2441
0.3692
0.8076
0.8034
0.7047
0.7046
0.2634
0.2126
0.2440
0.2881
0.2232
0.2584
0.7017
0.8143
0.8074
0.2508
0.1818
0.2190
0.2637
0.7088
0.1188
0.0967
0.1261
0.1734
0.1147
0.0787
0.0985
0.8307
0.1019
0.0720
0.0903
0.0975
0.7952
0.8867
0.3700
0.9325
0.2248
0.0754
0.0331
0.0257
0.0214
0.0249
0.0524
0.8948
0.9547
0.9633
0.9481
0.0701
0.0352
0.0302
0.0491
0.0544
0.8349
0.1662
0.2299
0.9147
0.3860
0.8956
0.8641
0.0931
0.0633
0.0622
0.1075
0.8522
0.8430
0.8744
0.1250
0.1006
0.0600
0.0514
0.0860
0.1111
0.1872
0.2117
0.9069
0.0513
0.0417
0.0628
0.8498
0.8611
0.9023
0.9485
0.9535
0.8986
0.0390
0.0231
0.0242
0.0328
0.0467
0.0595
0.0299
0.0187
0.0191
0.0273
0.0428
0.0729
0.1741
0.2851
0.9035
0.8412
0.8110
0.8648
0.8390
0.8073
0.7598
0.7581
0.1215
0.1016
0.0816
0.7174
0.0640
0.0641
0.1054
0.1126
0.1132
0.0668
0.0825
0.8788
0.0984
0.0555
0.0490
0.0637
0.1162
0.0939
0.0925
0.0783
0.0774
0.0804
0.0792
0.0745
0.0844
0.1310
0.2140
0.1741
0.1378
0.8322
0.0988
0.0833
0.1114
0.7904
0.7794
0.0953
0.0596
0.0371
0.0334
0.0420
0.0608
0.8941
0.0651
0.0673
0.2014
0.9624
0.9659
0.9459
0.8583
0.0336
0.0201
0.0176
0.0223
0.0394
0.0340
0.0446
0.0960
0.0805
0.0294
0.0219
0.0244
0.0371
0.0905
0.1492
0.8548
0.8470
0.7713
0.1728
0.1034
0.1144
0.2031
0.8367
0.1443
0.0800
0.0585
0.0527
0.0539
0.0629
0.0731
0.1133
0.7633
0.8284
0.7716
0.7980
0.6993
0.7117
0.2159
0.2108
0.3364
0.8860
0.0948
0.0585
0.0521
0.0638
0.0975
0.6372
0.7587
0.7475
0.8210
0.1622
0.0752
0.0597
0.0728
0.1282
0.8445
0.1526
0.1526
0.7349
0.8046
0.7792
0.8374
0.8114
0.8759
0.2923
0.1493
0.7559
0.1397
0.0848
0.0752
0.1027
0.1779
0.6972
0.0961
0.0720
0.0741
0.1189
0.8324
0.8864
0.8387
0.7184
0.0777
0.0559
0.0520
0.0585
0.0680
0.0846
0.1466
0.1277
0.7732
0.2174
0.1411
0.6545
0.6632
0.7248
0.8285
0.8503
0.9079
0.9219
0.9203
0.8976
0.1100
0.0737
0.0623
0.0616
0.0710
0.1346
0.8566
0.8538
0.7902
0.1180
0.0764
0.0637
0.0915
0.7918
0.8972
0.9176
0.8929
0.1287
0.0931
0.1338
0.1388
0.6961
0.7777
0.7750
0.8327
0.7987
0.6342
0.1462
0.1712
0.2243
0.2758
0.1748
0.1545
0.1350
0.1391
0.1689
0.2490
0.5634
0.5650
0.1921
0.2236
0.1703
0.1264
0.0922
0.0738
0.0897
0.6930
0.7432
0.8469
0.9027
0.9076
0.2846
0.1305
0.1343
0.1121
0.1670
0.1577
0.1725
0.6486
0.6492
0.6537
0.6314
0.6121
0.6595
0.7736
0.7828
0.6810
0.6769
0.6854
0.7077
0.7957
0.8632
0.8788
0.8717
0.8429
0.2150
0.1337
0.1580
0.1261
0.1827
0.8298
0.7409
0.7514
0.7762
0.8554
0.8747
0.8647
0.8716
0.8368
0.6746
0.5810
0.0976
0.0822
0.0830
0.0796
0.0845
0.1053
0.1681
0.3445
0.7452
0.2870
0.2692
0.2678
0.5597
0.5413
0.1726
0.1349
0.2081
0.7196
0.8073
