0.4137
0.2607
0.2664
0.7106
0.2412
0.2218
0.2320
0.2237
0.1908
0.1762
0.6153
0.6546
0.7319
0.6897
0.2102
0.1705
0.1421
0.1132
0.0825
0.0624
0.0673
0.1100
0.7339
0.8166
0.8594
0.8136
0.7488
0.6869
0.6952
0.7534
0.7857
0.7881
0.7734
0.8030
0.8513
0.0947
0.0617
0.0737
0.1068
0.1019
0.0826
0.1516
0.2737
0.8845
0.8431
0.8759
0.8659
0.7989
0.8066
0.1088
0.1051
0.1919
0.2638
0.2506
0.1897
0.6627
0.6516
0.2208
0.2942
0.3614
0.7997
0.8210
0.7889
0.3579
0.2977
0.2814
0.2911
0.3763
0.3105
0.5654
0.2258
0.2246
0.2957
0.6978
0.5927
0.2209
0.2270
0.7301
0.2964
0.2768
0.1537
0.1322
0.5932
0.1435
0.1314
0.6589
0.1173
0.0843
0.0720
0.0668
0.0649
0.0658
0.0731
0.1001
0.7212
0.7384
0.1059
0.0717
0.0639
0.0699
0.0972
0.7242
0.7388
0.1311
0.1241
0.7336
0.7254
0.0961
0.0804
0.1404
0.9083
0.9015
0.9229
0.0978
0.0484
0.0483
0.7512
0.0464
0.0466
0.0992
0.9246
0.9541
0.9293
0.9199
0.1243
0.0372
0.0227
0.0219
0.0288
0.0523
0.8335
0.8618
0.8942
0.8050
0.0734
0.0579
0.0777
0.7847
0.8673
0.1768
0.2061
0.9051
0.8256
0.0668
0.0401
0.0320
0.0302
0.0304
0.0320
0.0360
0.0444
0.0485
0.0622
0.7759
0.1082
0.1349
0.8802
0.1783
0.7973
0.0955
0.0609
0.0451
0.0412
0.0426
0.0428
0.0572
0.1200
0.8773
0.9077
0.3403
0.1442
0.1249
0.1706
0.2022
0.7992
0.1871
0.1295
0.1111
0.0867
0.0739
0.0704
0.0804
0.0937
0.1483
0.8543
0.8031
0.1180
0.0866
0.1115
0.7164
0.7953
0.8598
0.8989
0.9009
0.2428
0.0916
0.0976
0.7300
0.8408
0.8729
0.1980
0.1252
0.1524
0.1299
0.6441
0.6947
0.1865
0.1526
0.7658
0.1384
0.1393
0.0653
0.0523
0.0608
0.1040
0.8252
0.8943
0.1493
0.0730
0.0695
0.1181
0.8599
0.8376
0.0950
0.0508
0.0362
0.0352
0.0457
0.0873
0.8878
0.8742
0.8698
0.8675
0.8672
0.8600
0.0719
0.0359
0.0276
0.0351
0.0516
0.1160
0.8244
0.7872
0.1001
0.0625
0.0810
0.2328
0.9254
0.9254
0.1914
0.0576
0.0399
0.0480
0.0580
0.0709
0.6379
0.6845
0.1799
0.3107
0.8387
0.8436
0.7717
0.7994
0.1155
0.0951
0.1157
0.0912
0.1029
0.5740
0.2060
0.3865
0.3623
0.1581
0.1071
0.1010
0.1282
0.6458
0.7279
0.8336
0.7671
0.1415
0.1065
0.1058
0.1362
0.2052
0.5563
0.5606
0.5754
0.5509
0.5550
0.6084
0.3894
0.3403
0.7528
0.2167
0.1685
0.1880
0.2238
0.2249
0.1219
0.1038
0.1333
0.2623
0.7638
0.7971
0.6564
0.1034
0.0739
0.0817
0.1421
0.8275
0.8765
0.2196
0.1533
0.8590
0.1022
0.0600
0.0742
0.1788
0.2733
0.8572
0.8427
0.8215
0.1189
0.0798
0.0580
0.0670
0.1151
0.7575
0.1382
0.2364
0.7676
0.7878
0.7160
0.7351
0.8252
0.8354
0.7998
0.3452
0.2722
0.7502
0.0844
0.0809
0.0431
0.0359
0.0420
0.0745
0.2360
0.8956
0.7789
0.7605
0.8171
0.7846
0.8341
0.9141
0.9340
0.9305
0.8583
0.0616
0.0323
0.0252
0.0264
0.0335
0.0519
0.0760
0.7827
0.1455
0.1991
0.8884
0.1496
0.1324
0.1395
0.0918
0.1120
0.0730
0.0847
0.0466
0.0488
0.0844
0.8236
0.8500
0.8580
0.8498
0.8419
0.8827
0.8722
0.9023
0.8873
0.7835
0.7096
0.6855
0.6831
0.7070
0.7518
0.7479
0.7498
0.1013
0.0723
0.0706
0.0924
0.7424
0.0885
0.0788
0.0798
0.1220
0.1585
0.0810
0.0615
0.0634
0.0798
0.1118
0.6428
0.6334
0.6659
0.7382
0.3107
0.1876
0.1524
0.1596
0.1978
0.2230
0.2800
0.2065
0.1913
0.2277
0.3469
0.6701
0.6317
0.6648
0.6066
0.5625
0.5549
0.2202
0.2133
0.2461
0.3481
0.3831
0.4730
