0.7874
0.7584
0.6693
0.6466
0.7197
0.8464
0.8785
0.8603
0.8450
0.7576
0.2522
0.1496
0.1326
0.1698
0.6733
0.8299
0.8532
0.2503
0.1030
0.0733
0.0752
0.1159
0.7629
0.8906
0.9162
0.8891
0.1189
0.0642
0.0614
0.0887
0.1437
0.7491
0.1973
0.1628
0.1913
0.2822
0.2770
0.2920
0.5602
0.6422
0.3531
0.5223
0.2562
0.2212
0.2025
0.2008
0.2092
0.2356
0.2502
0.2831
0.2103
0.1912
0.2337
0.6478
0.6770
0.6865
0.7744
0.7586
0.6125
0.5674
0.1736
0.1432
0.1560
0.1767
0.2085
0.5048
0.5510
0.6309
0.3532
0.2813
0.2922
0.4032
0.7766
0.8149
0.7730
0.3303
0.2297
0.2128
0.2000
0.2068
0.1991
0.2179
0.2258
0.2628
0.1773
0.1518
0.1644
0.1198
0.1353
0.6643
0.8007
0.8276
0.3650
0.8556
0.8708
0.2070
0.0825
0.0758
0.0945
0.1172
0.0644
0.0365
0.0329
0.0402
0.0734
0.7758
0.8369
0.8953
0.9310
0.9350
0.9155
0.8993
0.9105
0.0580
0.0280
0.0220
0.0229
0.0286
0.0510
0.1066
0.1316
0.1080
0.1146
0.7273
0.7767
0.1902
0.6411
0.6527
0.7673
0.8318
0.1360
0.0836
0.0783
0.0942
0.1827
0.8161
0.8575
0.8198
0.6784
0.6777
0.8070
0.3847
0.2061
0.2062
0.7576
0.6392
0.5937
0.5660
0.1135
0.1363
0.2791
0.8778
0.8784
0.2402
0.1350
0.0856
0.0717
0.0677
0.0710
0.0666
0.0762
0.1137
0.8373
0.1843
0.2098
0.8490
0.7518
0.7216
0.6863
0.0761
0.0499
0.0464
0.0666
0.1619
0.8922
0.9024
0.8815
0.2162
0.0830
0.0651
0.0844
0.1473
0.1497
0.5741
0.5918
0.1753
0.1290
0.1121
0.1153
0.1377
0.0853
0.0680
0.0727
0.1180
0.2579
0.8926
0.8782
0.7736
0.1376
0.1343
0.7105
0.8341
0.8648
0.8354
0.8235
0.8257
0.7128
0.6837
0.6371
0.6224
0.6149
0.1329
0.1855
0.8509
0.9186
0.9379
0.2969
0.0729
0.0392
0.0335
0.0359
0.0436
0.0496
0.0661
0.1191
0.2039
0.6465
0.6178
0.6982
0.2715
0.1897
0.2264
0.8509
0.2555
0.2137
0.1376
0.1313
0.2361
0.8648
0.7657
0.1011
0.0877
0.1393
0.1035
0.0365
0.0272
0.0342
0.0749
0.8631
0.9244
0.9341
0.9229
0.8709
0.7765
0.0550
0.0354
0.0298
0.0293
0.0351
0.0614
0.8674
0.9086
0.9338
0.9602
0.9529
0.0670
0.0250
0.0184
0.0180
0.0280
0.0774
0.9298
0.9338
0.8771
0.8316
0.0500
0.0313
0.0279
0.0343
0.0434
0.0562
0.0865
0.2425
0.9248
0.9010
0.7941
0.0774
0.0481
0.0503
0.0862
0.1567
0.7835
0.1835
0.1302
0.1531
0.6960
0.6667
0.7684
0.1340
0.0889
0.0650
0.0655
0.0684
0.0928
0.7519
0.1793
0.1328
0.1706
0.6944
0.7054
0.8128
0.8043
0.8159
0.1051
0.0795
0.0931
0.7887
0.8877
0.9200
0.1382
0.0586
0.0334
0.0316
0.0420
0.0263
0.0233
0.0281
0.0384
0.0846
0.9398
0.0643
0.0524
0.1043
0.8806
0.8978
0.9150
0.9465
0.9495
0.9363
0.1206
0.0515
0.0626
0.8349
0.8918
0.9256
0.9066
0.1536
0.0911
0.0714
0.0356
0.0220
0.0216
0.0222
0.0295
0.0550
0.0686
0.8108
0.8786
0.8804
0.1776
0.1942
0.1501
0.7915
0.1716
0.0908
0.0814
0.7102
0.0804
0.0980
0.8216
0.9098
0.9040
0.7739
0.1009
0.0946
0.7345
0.1696
0.1491
0.2142
0.8767
0.1986
0.1165
0.1077
0.6769
0.0981
0.1003
0.1541
0.1776
0.3000
0.3845
0.8007
0.7352
0.6078
0.2783
0.2623
0.3414
0.3351
0.3928
0.5751
0.5561
0.3193
0.3485
0.2810
0.2851
0.5449
0.5687
0.2847
0.2608
0.3207
0.4348
0.6767
0.2835
0.2091
0.1934
0.2052
0.1989
0.2075
0.5059
0.2627
0.5433
0.5818
0.6405
0.3629
0.4021
0.7524
0.8007
0.8081
0.7734
0.6762
0.6651
0.5970
0.6116
0.6968
0.7178
0.7464
0.7873
0.7767
0.8379
0.8583
0.8821
0.8849
0.8577
