0.8382
0.8717
0.8428
0.8027
0.8046
0.4762
0.2851
0.2147
0.2157
0.2398
0.2412
0.2648
0.5102
0.2887
0.2889
0.3456
0.6221
0.3844
0.3015
0.2832
0.3214
0.3699
0.4090
0.4469
0.6287
0.4344
0.3886
0.3955
0.3473
0.3180
0.3757
0.6692
0.4544
0.3503
0.2913
0.2563
0.2560
0.2866
0.3411
0.2774
0.2418
0.2432
0.2940
0.6070
0.3302
0.3230
0.6514
0.3317
0.3155
0.2456
0.2786
0.2600
0.3488
0.3516
0.6435
0.6244
0.1843
0.1350
0.1037
0.1064
0.1465
0.7347
0.1565
0.1341
0.1244
0.1328
0.6844
0.7166
0.7445
0.7282
0.7061
0.1427
0.1293
0.1813
0.1595
0.7575
0.1012
0.0682
0.0694
0.1152
0.2943
0.8447
0.6904
0.6065
0.1146
0.0861
0.0953
0.1286
0.7938
0.2108
0.2826
0.8659
0.8632
0.3925
0.8590
0.8406
0.8482
0.7634
0.6730
0.1995
0.7496
0.8500
0.3228
0.1617
0.7204
0.1423
0.1545
0.0878
0.0971
0.6461
0.7422
0.7391
0.8100
0.8764
0.3674
0.1571
0.0869
0.6030
0.0793
0.0933
0.7364
0.8577
0.2959
0.3162
0.9084
0.0954
0.0844
0.1062
0.0925
0.0565
0.0676
0.8946
0.9450
0.9542
0.9422
0.0866
0.0656
0.0426
0.0422
0.0529
0.0468
0.7876
0.1399
0.3140
0.9154
0.8893
0.8852
0.1139
0.0817
0.7112
0.0968
0.1798
0.2287
0.9156
0.1426
0.0753
0.0459
0.0462
0.0489
0.0694
0.1020
0.7867
0.6897
0.1315
0.1442
0.1327
0.7665
0.8699
0.8946
0.8800
0.1091
0.0684
0.0790
0.0482
0.0480
0.0718
0.7861
0.8641
0.1526
0.1578
0.8635
0.8899
0.9025
0.8754
0.0607
0.0336
0.0275
0.0309
0.0421
0.0483
0.0489
0.0683
0.6992
0.7663
0.8306
0.8706
0.2486
0.1632
0.1465
0.6965
0.7670
0.1807
0.1443
0.5723
0.1155
0.1082
0.1211
0.1965
0.7589
0.7702
0.7851
0.2492
0.1534
0.1466
0.1600
0.2463
0.2604
0.2729
0.6656
0.1603
0.1345
0.1771
0.7429
0.6771
0.1391
0.0891
0.0568
0.0470
0.0451
0.0397
0.0420
0.0634
0.7678
0.8691
0.9262
0.9313
0.9108
0.7951
0.7036
0.0645
0.0568
0.0758
0.1086
0.0767
0.0918
0.1819
0.1816
0.0925
0.0850
0.1143
0.5769
0.6639
0.6289
0.6440
0.7329
0.6933
0.6597
0.7381
0.2191
0.2484
0.8332
0.1025
0.0572
0.0443
0.0428
0.0476
0.0637
0.0916
0.7670
0.7705
0.8342
0.7766
0.8063
0.7272
0.7531
0.8423
0.8334
0.1509
0.1713
0.0851
0.0485
0.0430
0.0498
0.0731
0.7319
0.2505
0.2519
0.8515
0.1453
0.0902
0.0612
0.0623
0.0869
0.8331
0.1152
0.1040
0.1312
0.8642
0.8370
0.8951
0.8695
0.8975
0.0823
0.0410
0.0311
0.0318
0.0391
0.0605
0.1385
0.1681
0.8708
0.1511
0.1058
0.0876
0.1252
0.8225
0.8528
0.7401
0.6608
0.1075
0.1069
0.1564
0.1441
0.6224
0.6435
0.7377
0.6714
0.6833
0.7865
0.1227
0.0703
0.0443
0.0393
0.0477
0.0939
0.8976
0.9122
0.8798
0.8577
0.0728
0.0379
0.0264
0.0359
0.1103
0.9258
0.9533
0.9530
0.0840
0.0249
0.0168
0.0197
0.0413
0.8894
0.9371
0.9667
0.9595
0.0578
0.0243
0.0216
0.0348
0.0724
0.9460
0.0930
0.0457
0.0407
0.0580
0.0363
0.0340
0.0413
0.0640
0.0793
0.0769
0.0879
0.7093
0.1118
0.1033
0.1071
0.1322
0.1514
0.1889
0.5819
0.2464
0.2735
0.3788
0.3897
0.3069
0.3486
0.3807
0.5446
0.2181
0.2083
0.2349
0.5812
0.2735
0.2057
0.1675
0.1516
0.1470
0.1511
0.1733
0.1747
0.2415
0.3764
0.3970
0.7836
0.1715
0.1278
0.7433
0.1247
0.1074
0.1069
0.1120
0.1140
0.7580
0.1838
0.7893
0.8154
0.7328
0.7127
0.7464
0.8424
0.3730
0.8199
0.2782
0.2970
0.2812
0.2391
0.1320
0.6019
0.1377
0.1637
0.6015
0.1947
0.1730
0.1536
0.2057
0.6720
0.7721
0.7950
0.8202
0.8552
0.8696
0.8957
0.8763
