0.8048
0.8117
0.7800
0.8039
0.7969
0.8331
0.8046
0.4222
0.2928
0.2727
0.2567
0.2465
0.5199
0.2645
0.3175
0.4409
0.7532
0.6748
0.5534
0.1818
0.1362
0.1299
0.1699
0.6470
0.8022
0.8054
0.2533
0.1899
0.5970
0.6582
0.6963
0.7646
0.6753
0.6509
0.6799
0.7571
0.1994
0.1860
0.7197
0.8092
0.1579
0.0925
0.0843
0.1125
0.5900
0.6265
0.6424
0.1671
0.1203
0.1226
0.5497
0.1501
0.1666
0.2770
0.6629
0.3899
0.4518
0.6984
0.5599
0.2763
0.2364
0.2368
0.2748
0.5346
0.3245
0.2700
0.2653
0.4974
0.3091
0.3098
0.3308
0.4121
0.4915
0.7528
0.4677
0.3447
0.2878
0.4965
0.2708
0.2599
0.2497
0.2756
0.3220
0.6655
0.3497
0.3012
0.1825
0.1687
0.5252
0.5870
0.6951
0.3041
0.3236
0.8399
0.8746
0.8717
0.7919
0.0817
0.0449
0.0363
0.0366
0.0454
0.0748
0.0688
0.0904
0.0919
0.8330
0.9023
0.9367
0.9095
0.1085
0.0680
0.0511
0.0510
0.0438
0.0426
0.0497
0.0626
0.1102
0.7411
0.7359
0.7182
0.7939
0.2819
0.3476
0.7235
0.7527
0.6191
0.1178
0.1007
0.1333
0.2406
0.8138
0.8435
0.7961
0.6531
0.2766
0.3756
0.3756
0.6485
0.6434
0.2579
0.1453
0.1183
0.5503
0.1254
0.1472
0.7922
0.8928
0.2819
0.1060
0.0923
0.0923
0.0434
0.0325
0.0335
0.0334
0.0433
0.0790
0.9033
0.1471
0.1910
0.9187
0.8633
0.8456
0.8148
0.0557
0.0337
0.0306
0.0464
0.1307
0.9275
0.9309
0.9136
0.1506
0.0514
0.0396
0.0603
0.0988
0.0769
0.0956
0.6833
0.6741
0.1180
0.1301
0.7238
0.8429
0.8535
0.1379
0.1023
0.1495
0.7925
0.8467
0.2145
0.1358
0.1218
0.5916
0.6768
0.8296
0.8631
0.2615
0.1571
0.1730
0.1092
0.1019
0.6497
0.0610
0.0454
0.0481
0.0774
0.1674
0.3850
0.9133
0.8682
0.7031
0.6391
0.6395
0.6767
0.6936
0.7396
0.7702
0.1743
0.1660
0.0632
0.0431
0.0386
0.0371
0.0322
0.0299
0.0304
0.0378
0.0704
0.0891
0.1276
0.2288
0.9254
0.8582
0.0994
0.0770
0.0294
0.0209
0.0199
0.0235
0.0309
0.0703
0.9104
0.9510
0.9567
0.9501
0.0976
0.0282
0.0199
0.0236
0.0419
0.7941
0.0520
0.0732
0.8893
0.9224
0.9388
0.9596
0.9524
0.1209
0.0769
0.8706
0.0683
0.0295
0.0239
0.0391
0.1226
0.9162
0.8260
0.0360
0.0221
0.0177
0.0182
0.0234
0.0336
0.0782
0.2410
0.9567
0.9465
0.8861
0.0768
0.0590
0.0817
0.0484
0.0278
0.0227
0.0238
0.0308
0.0508
0.0796
0.8671
0.1189
0.0603
0.0507
0.0532
0.0893
0.0973
0.1794
0.2020
0.2248
0.1335
0.5592
0.1323
0.1382
0.1590
0.5427
0.1730
0.1476
0.1517
0.5295
0.5913
0.7429
0.7792
0.1881
0.1191
0.0848
0.0647
0.0677
0.1009
0.0734
0.0768
0.0838
0.8001
0.1473
0.0724
0.0576
0.0734
0.7080
0.7704
0.8299
0.9055
0.9207
0.9101
0.8463
0.7380
0.0662
0.0511
0.0642
0.1041
0.7980
0.8703
0.2026
0.1667
0.0820
0.0546
0.0475
0.0641
0.1376
0.1848
0.1559
0.6923
0.7956
0.8199
0.7433
0.7843
0.1245
0.0660
0.0484
0.0433
0.0434
0.0391
0.0431
0.0720
0.8351
0.9185
0.9297
0.9070
0.7820
0.7020
0.6756
0.1008
0.1320
0.8672
0.1586
0.1779
0.0846
0.0694
0.0567
0.0577
0.0597
0.0621
0.0625
0.0799
0.1176
0.2890
0.8988
0.8120
0.8062
0.7960
0.8441
0.7574
0.7081
0.6871
0.1069
0.0953
0.1310
0.1160
0.1770
0.1797
0.7377
0.6538
0.6874
0.7955
0.4522
0.4179
0.5981
0.1730
0.1740
0.2200
0.1657
0.1547
0.1787
0.2543
0.6586
0.2085
0.1799
0.6188
0.7669
0.3200
0.1086
0.0617
0.0587
0.0917
0.8202
0.8403
0.8546
0.8726
0.8421
0.8838
0.8789
0.8755
0.7678
0.6780
0.0778
0.0628
0.0640
0.0885
0.1913
0.8188
0.1977
0.2364
0.7853
0.8370
