0.8569
0.9030
0.9082
0.8785
0.7906
0.7661
0.8206
0.7925
0.6343
0.2563
0.2135
0.2090
0.1901
0.1785
0.1745
0.1763
0.1899
0.2301
0.3177
0.2661
0.2167
0.5612
0.6267
0.7387
0.8284
0.8497
0.8356
0.8199
0.2606
0.2348
0.1628
0.1526
0.2404
0.6929
0.7102
0.6010
0.5739
0.5656
0.6059
0.7100
0.7233
0.6415
0.6462
0.7335
0.7272
0.6209
0.5896
0.5637
0.5749
0.5588
0.3004
0.2581
0.2626
0.3153
0.3024
0.3427
0.3865
0.4031
0.3331
0.3297
0.5080
0.5052
0.5032
0.5039
0.3595
0.5763
0.3336
0.2779
0.2586
0.2820
0.5030
0.2935
0.2768
0.3102
0.4125
0.7211
0.7225
0.5806
0.2680
0.2090
0.1857
0.1816
0.1706
0.1835
0.2638
0.7552
0.8093
0.3848
0.2550
0.6215
0.6044
0.6244
0.1310
0.0944
0.0844
0.0894
0.0791
0.0570
0.0487
0.0502
0.0454
0.0382
0.0447
0.0978
0.8978
0.9219
0.9077
0.9100
0.8963
0.1221
0.0769
0.0373
0.0346
0.0389
0.0665
0.8822
0.9458
0.9572
0.9422
0.0780
0.0421
0.0522
0.0383
0.0449
0.0659
0.7909
0.8620
0.9141
0.9191
0.9017
0.8818
0.0744
0.0398
0.0386
0.0605
0.1443
0.7897
0.7447
0.8192
0.7720
0.7380
0.8193
0.0942
0.0780
0.1326
0.1471
0.0882
0.0314
0.0296
0.0503
0.9054
0.9534
0.9596
0.9459
0.0831
0.0658
0.0486
0.0609
0.1111
0.9503
0.0675
0.0288
0.0212
0.0237
0.0359
0.0865
0.0906
0.0425
0.0428
0.0732
0.8533
0.8378
0.1863
0.2220
0.7604
0.0705
0.0515
0.0435
0.0436
0.0501
0.0669
0.1113
0.1746
0.1177
0.1158
0.1780
0.1861
0.1996
0.8204
0.1131
0.1000
0.1558
0.8430
0.7735
0.1116
0.0671
0.0422
0.0365
0.0406
0.0461
0.0722
0.0828
0.8208
0.8885
0.9345
0.9412
0.9301
0.8518
0.7743
0.0469
0.0390
0.0372
0.0542
0.0397
0.0467
0.0910
0.0834
0.0399
0.0429
0.0849
0.8819
0.8784
0.7869
0.1199
0.1406
0.0869
0.0681
0.0858
0.1605
0.7982
0.8273
0.1542
0.0930
0.0778
0.0651
0.0646
0.0794
0.1050
0.7223
0.7369
0.8105
0.7506
0.7837
0.6977
0.7186
0.8113
0.7921
0.1431
0.1659
0.1081
0.0848
0.1078
0.0813
0.1066
0.6634
0.7782
0.7560
0.8157
0.1520
0.0934
0.0646
0.0664
0.0927
0.8182
0.1188
0.1073
0.1356
0.8530
0.8248
0.8840
0.8542
0.8852
0.0885
0.0453
0.0343
0.0344
0.0414
0.0626
0.1394
0.1658
0.8642
0.1465
0.1042
0.0888
0.1278
0.8152
0.8474
0.7296
0.6541
0.0990
0.0997
0.1453
0.1212
0.6508
0.1253
0.1480
0.1041
0.1179
0.8039
0.1477
0.1605
0.1913
0.6608
0.6449
0.2241
0.8511
0.8653
0.8509
0.8656
0.1373
0.0653
0.0461
0.0604
0.1497
0.8590
0.9063
0.9084
0.8510
0.0616
0.0340
0.0340
0.0656
0.8805
0.9449
0.9548
0.9368
0.0640
0.0306
0.0340
0.0755
0.8684
0.9261
0.9279
0.1152
0.0453
0.0380
0.0576
0.0591
0.1147
0.8977
0.9014
0.2022
0.0986
0.0904
0.6203
0.1155
0.1215
0.6007
0.1823
0.2196
0.7051
0.6173
0.6385
0.6498
0.7674
0.2010
0.1433
0.1959
0.1348
0.0414
0.0258
0.0239
0.0288
0.0488
0.0956
0.1722
0.8571
0.8220
0.8445
0.8489
0.8487
0.1750
0.2024
0.1164
0.0406
0.0339
0.0453
0.7613
0.0724
0.0849
0.1101
0.1512
0.1773
0.0832
0.0524
0.0490
0.0652
0.1404
0.8430
0.8833
0.2158
0.2015
0.8763
0.8810
0.8979
0.8829
0.8197
0.7551
0.7918
0.2172
0.2914
0.7327
0.7638
0.8008
0.1928
0.1004
0.0816
0.0954
0.1569
0.7123
0.7087
0.7725
0.7818
0.7609
0.7591
0.4080
0.2381
0.1680
0.1562
0.1568
0.1605
0.1671
0.1815
0.2201
0.3157
0.3247
0.3990
0.4476
0.4333
0.3236
0.2708
0.2202
0.2040
0.2036
0.2169
0.2035
0.2084
0.2385
0.3186
0.2704
0.3028
0.6118
0.5449
0.5372
0.5920
0.7201
0.7844
